6.219936060079779e-06
2.541434571255827e-06
2.4256601658788498e-06
2.633626845041626e-06
2.993165447548365e-06
3.477968967336483e-06
4.0929343047095275e-06
4.849709934545471e-06
5.760985099861546e-06
6.843911012189923e-06
8.122810712390342e-06
9.6315287786847e-06
1.1416339298144364e-05
1.3532580383855686e-05
1.603933194603205e-05
1.900205080461009e-05
2.24969005717605e-05
2.6613010149352154e-05
3.145403756656763e-05
3.713988974508609e-05
4.38087053307729e-05
5.161905056426104e-05
6.075229014590217e-05
7.141519376886529e-05
8.384294747927954e-05
9.830272439711432e-05
0.00011509776832550569
0.0001345718072286612
0.00015711365556204558
0.00018316200107658295
0.00021321042981372034
0.0002478127242278172
0.0002875884267908894
0.00033322863259762774
0.00038550195129290026
0.000445260559938189
0.0005134462593804131
0.0005910964129399528
0.0006793496412692836
0.000779451109938375
0.0008927572282261284
0.0010207395502304774
0.0011649876300625498
0.0013272105678926271
0.0015092369322368354
0.0017130127264403043
0.001940597031638976
0.002194154932004097
0.002475947321291734
0.002788317173830754
0.0031336718766069816
0.0035144612236707165
0.003933150676039448
0.004392189500522638
0.004893973377373184
0.005440801082772316
0.006034824882944889
0.006677994403970841
0.007371993991703269
0.008118173958824488
0.008917476625427674
0.009770358577674387
0.010676710834581205
0.011635778355129349
0.012646079333436212
0.013705323419937118
0.014810327171322484
0.015956925682297333
0.017139881866049464
0.018352799068418316
0.019588048239792245
0.020836727656087045
0.022088679920389383
0.023332591798360742
0.02455618284336914
0.025746436677151895
0.026889769365592994
0.02797203310959661
0.028978348604545987
0.029892867227366095
0.030698608739214164
0.03137752096962504
0.03191090870409644
0.03228043710352894
0.03247021383286624
0.03247101882287104
0.03228685942036918
0.03193733607199842
0.03144585468099901
0.030824717521766902
0.030072227554851737
0.02917494832488914
0.028108697464290754
0.026845521919392802
0.025373059017175972
0.023699379122028595
0.0218369550122828
0.01980250191490866
0.01763877126322438
