0.021261414921346557
0.0201336949239201
0.019236204737502455
0.018500721191345854
0.017884471651840164
0.01735896109302422
0.01690427555572594
0.016505952563546495
0.01615315486892143
0.015837550277795334
0.015552595146689382
0.01529305937568812
0.015054701590527348
0.014834040907854366
0.01462819265277729
0.014434747518385542
0.01425168091348045
0.014077283716276347
0.013910108487290069
0.013748927034487502
0.01359269644305934
0.013440531510126806
0.01329168209167044
0.01314551426909804
0.013001494521362287
0.012859176295738585
0.01271818851384071
0.012578225660617033
0.012439039181165209
0.012300429972854285
0.012162241803819829
0.012024355519556024
0.011886683934162055
0.011749167312022055
0.011611769368031955
0.011474473725079624
0.011337280774495806
0.011200204896389458
0.011063271999488897
0.010926517345922546
0.01078998363265803
0.010653719300732662
0.010517777049015527
0.010382212531474887
0.010247083218345974
0.010112447402424967
0.009978363337683286
0.009844888493834318
0.009712078914595995
0.009579988669455246
0.009448669388312566
0.009318169869762305
0.0091885357557769
0.00905980926641035
0.00893202898685769
0.00880522970430817
0.008679442287910843
0.008554693609035309
0.008431006498243392
0.008308399736846949
0.008186888079728236
0.008066482307241593
0.00794718930548031
0.007829012171424836
0.0077119503433690445
0.00759599975204052
0.0074811529946445165
0.007367399527147503
0.0072547258740988324
0.007143115854066479
0.007032550821075774
0.00692300991508552
0.006814470325173935
0.006706907559487973
0.006600295721701533
0.006494607791147604
0.006389815904157546
0.006285891635767243
0.0061828062771189934
0.00608053110955453
0.005979037669891391
0.005878298007442133
0.005778284928041099
0.005678972227079193
0.00558033490317645
0.005482349356610628
0.005384993568482106
0.005288247256398259
0.005192092008959664
0.005096511395314476
0.0050014910482906365
0.00490701872196325
0.004813084321653046
0.004719679905103346
0.004626799658083818
0.00453443984078605
0.004442598709637926
0.004351276414038575
0.004260474869708447
