0.004769755475473544
0.004895795519895327
0.00502315085045762
0.005151793298519393
0.005281691902518671
0.005412812929011739
0.005545119893924231
0.005678573581770305
0.005813132063950805
0.0059487507150540065
0.006085382230002603
0.00622297663584781
0.00636148130537669
0.006500840965869397
0.006640997707052357
0.006781890986554403
0.006923457632010902
0.007065631842524813
0.0072083451851119515
0.007351526590945378
0.0074951023480749205
0.007638996091863635
0.007783128793911132
0.00792741874916672
0.008071781561101513
0.008216130126251452
0.008360374617956967
0.008504422470065144
0.00864817836072624
0.00879154419726484
0.008934419101954034
0.00907669940082069
0.009218278614866758
0.009359047453598338
0.009498893814226556
0.009637702784551075
0.009775356651939644
0.009911734917591312
0.010046714319112072
0.010180168858729115
0.010311969841403049
0.010441985920895007
0.010570083155210276
0.010696125073214388
0.010819972750001468
0.010941484895227638
0.011060517952494539
0.011176926209918434
0.011290561924972969
0.011401275460294309
0.011508915434012307
0.011613328882801779
0.011714361438367998
0.011811857518284433
0.01190566052947582
0.011995613086689496
0.012081557243346572
0.012163334736789653
0.012240787246606747
0.012313756665745256
0.012382085384802101
0.012445616588149648
0.01250419456190839
0.012557665013503123
0.012605875401369515
0.012648675275458902
0.012685916625189787
0.01271745423723807
0.012743146059544623
0.012762853572292962
0.012776442162751662
0.012783781505169211
0.012784745941685778
0.012779214865114515
0.012767073100617077
0.012748211284685224
0.012722526240092376
0.012689921344949074
0.012650306892287789
0.012603600440260522
0.012549727149768259
0.012488620105197624
0.012420220619304563
0.012344478516662977
0.012261352394990037
0.012170809860097694
0.012072827732556331
0.01196739222448498
0.011854499079814868
0.011734153681683887
0.01160637111648352
0.011471176200196076
0.011328603457397352
0.011178697055915612
0.01102151069230178
0.010857107425701099
0.01068555946293741
0.010506947886320792
0.010321362329741627
