0.008804307088028976
0.008812835519933213
0.008837171524047342
0.008874713074248173
0.008923306989908321
0.008981139033061334
0.009046656864736562
0.009118515156096157
0.009195535914460345
0.009276679431136865
0.009361022719166475
0.009447743276563692
0.009536106650964367
0.009625456722598826
0.009715207925700124
0.009804838852456227
0.009893886833197255
0.00998194320846923
0.010068649085653344
0.010153691439594402
0.010236799458114707
0.010317741066081382
0.01039631958655921
0.010472370514675576
0.010545758387233125
0.0106163737463677
0.010684130195408415
0.01074896155344671
0.010810819113451503
0.0108696690185206
0.010925489762114883
0.01097826982890286
0.011028005487726106
0.011074698749060925
0.011118355498743111
0.011158983821788003
0.011196592521771681
0.01123118984314678
0.011262782403532118
0.011291374328942954
0.011316966595784114
0.011339556566087084
0.01135913770686855
0.011375699478379487
0.011389227372003874
0.011399703077731242
0.011407104756922607
0.011411407399079096
0.011412583234270773
0.011410602180863792
0.011405432303095642
0.011397040258452989
0.011385391715701692
0.011370451728558793
0.01135218504969307
0.011330556380770723
0.011305530547893688
0.011277072606306053
0.011245147872259241
0.011209721891273406
0.01117076034980435
0.011128228943494078
0.011082093213186418
0.011032318367455503
0.010978869104331776
0.010921709449238108
0.010860802625123046
0.010796110968015114
0.010727595901667381
0.010655217980552968
0.010578937012007714
0.010498712262367779
0.010414502751312619
0.010326267637582785
0.010233966693889448
0.010137560871493019
0.010037012947211998
0.009932288249999047
0.009823355458855123
0.009710187463765684
0.009592762279621291
0.009471064003639982
0.00934508380209089
0.009214820913075288
0.009080283652314917
0.008941490401379225
0.008798470562659514
0.008651265457898814
0.00849992915078988
0.008344529165659807
0.008185147080613246
0.00802187896847779
0.007854835658360298
0.0076841427982531265
0.007509940694722397
0.007332383916845587
0.0071516406510707415
0.006967891805508421
0.006781329867820504
