0.02461654142292215
0.022108810562623874
0.02049812325076865
0.01935246549342044
0.018483940513937043
0.017796361024391937
0.017234623578329798
0.016764437027442604
0.016363067145649782
0.01601467494471302
0.01570778144004957
0.015433800748858847
0.015186146600496792
0.014959663891111672
0.014750253153740197
0.01455461410435604
0.014370065229417391
0.01419441341088248
0.014025857366771219
0.013862914511877364
0.01370436440463398
0.013549204194538918
0.013396612926874026
0.013245922514109484
0.013096593818912289
0.012948196726765997
0.01280039338612887
0.012652924002965046
0.012505594729071413
0.012358267284397262
0.012210850037047073
0.012063290320723119
0.011915567808373138
0.011767688799215779
0.011619681293003748
0.01147159075321563
0.011323476467284647
0.011175408428369013
0.011027464672441775
0.010879729011752777
0.010732289110547293
0.01058523485930542
0.010438657004315333
0.010292645996456656
0.010147291026806724
0.010002679220628363
0.009858894963810098
0.009716019341461567
0.009574129667785423
0.009433299093380027
0.009293596274836485
0.009155085096331507
0.009017824434184682
0.008881867957048133
0.008747263957291114
0.00861405520926535
0.0084822788534378
0.00835196630392018
0.008223143183209387
0.008095829280931312
0.007970038542787978
0.007845779090361722
0.0077230532739247905
0.0076018577631984255
0.007482183676917434
0.007364016752964627
0.00724733756236361
0.007132121764825921
0.007018340407753602
0.0069059602651416205
0.006794944214549574
0.006685251648433949
0.006576838915249995
0.006469659784187636
0.006363665929939272
0.0062588074296181856
0.006155033266876933
0.006052291837612829
0.005950531452011776
0.005849700826044834
0.005749749560919278
0.005650628604351103
0.0055522906882896
0.005454690743725594
0.005357786284755072
0.005261537760841485
0.005165908873353771
0.00507086685228639
0.00497638269071011
0.004882431331212045
0.0047889918039743275
0.004696047309193235
0.004603585245203035
0.004511597175248914
0.004420078739046076
0.004329029499405736
0.00423845273479562
0.004148355174830236
0.00405874668612685
