0.9977305073321626
5.607209754442489e-05
4.146247606417591e-05
3.673882423880879e-05
3.451359869708153e-05
3.3282714536471506e-05
3.253599861794753e-05
3.2052742607857555e-05
3.1722708257194855e-05
3.148528520656976e-05
3.130474764221452e-05
3.115889225229628e-05
3.103334309751435e-05
3.091849676348013e-05
3.0807789822333714e-05
3.069667215377809e-05
3.058197535298988e-05
3.0461516792240622e-05
3.0333847756649046e-05
3.01980984143225e-05
3.0053892746567035e-05
2.990130182544895e-05
2.9740792996772614e-05
2.9573092512256325e-05
2.9398865336649184e-05
2.9218253025521268e-05
2.903059618668601e-05
2.883466202658999e-05
2.8629195162871496e-05
2.841332761355349e-05
2.818667111471715e-05
2.794922021138576e-05
2.770121693366547e-05
2.7443041854832017e-05
2.7175145158894887e-05
2.6898005470101845e-05
2.6612110712055438e-05
2.631794906993302e-05
2.6016011942322988e-05
2.5706803355815946e-05
2.5390862486256513e-05
2.5068803196205432e-05
2.4741377281097733e-05
2.4409581905436857e-05
2.4074821658746155e-05
2.373913257436888e-05
2.3405430469451307e-05
2.307761354339695e-05
2.276020621344025e-05
2.245727203266227e-05
2.2170998544908177e-05
2.1901078650173267e-05
2.1645436028384833e-05
2.14014905268439e-05
2.116699249500134e-05
2.0940250649696e-05
2.0720045776489273e-05
2.050547501962894e-05
2.0295827049491058e-05
2.009050110713971e-05
1.9888960902141507e-05
1.969070948181498e-05
1.94952743884322e-05
1.9302200462332486e-05
1.9111044922992915e-05
1.8921373197050944e-05
1.873275492274534e-05
1.854475906485646e-05
1.8356945144578885e-05
1.8168850067684453e-05
1.797997171021871e-05
1.7789749176404915e-05
1.7597560323825486e-05
1.7402765266108018e-05
1.7204811421840384e-05
1.7003341056609715e-05
1.6798199214611405e-05
1.6589328046175653e-05
1.6376652539479157e-05
1.6160024747090622e-05
1.5939219018268932e-05
1.5713952283268066e-05
1.5483900272719607e-05
1.5248712874437114e-05
1.5008021343285738e-05
1.476144433224768e-05
1.4508589430528313e-05
1.4249055347270175e-05
1.3982433497132358e-05
1.3708310138449957e-05
1.3426273003624274e-05
1.313592189716416e-05
1.2836891307729607e-05
1.2528890906922423e-05
1.2211779492736833e-05
1.1885685252877395e-05
1.155118173968253e-05
1.1209484339922075e-05
1.0862547461146485e-05
