0.999995582856366
1.374899221012895e-07
1.0072060381171425e-07
8.848233507732146e-08
8.24506751346493e-08
7.889264976036296e-08
7.654156179551928e-08
7.485032856099176e-08
7.354621876345278e-08
7.247943796996834e-08
7.1562542595754e-08
7.074109187745e-08
6.998009673504161e-08
6.925646438212786e-08
6.85542907752728e-08
6.786273191315756e-08
6.717430574525838e-08
6.648358223372103e-08
6.578703529311146e-08
6.508219056796905e-08
6.436734780283646e-08
6.364190546791326e-08
6.29049137495854e-08
6.215659710036918e-08
6.139715481948702e-08
6.062728844801499e-08
5.984770823908828e-08
5.905988237440968e-08
5.8265822574406754e-08
5.746706494890797e-08
5.666576026552801e-08
5.5864132601166896e-08
5.5064097780792645e-08
5.426758996769079e-08
5.347579942567766e-08
5.2689788163510554e-08
5.1909244072506394e-08
5.11332776544665e-08
5.036090533866276e-08
4.9591998811346924e-08
4.8825384258455195e-08
4.8061758629708e-08
4.730133963985403e-08
4.6544409209593165e-08
4.579121358261112e-08
4.5042500784091624e-08
4.429839549415388e-08
4.3559327222321e-08
4.282566463679658e-08
4.2097705623198164e-08
4.1375795246810694e-08
4.06602862425585e-08
3.995095648124178e-08
3.924862081682453e-08
3.855299747080167e-08
3.786455552917743e-08
3.7183174806960234e-08
3.650936406543676e-08
3.584295219045334e-08
3.5183913783815154e-08
3.4532652132897475e-08
3.388898910518072e-08
3.325303464857721e-08
3.262528497707806e-08
3.20063234360941e-08
3.139760777531777e-08
3.080104296653485e-08
3.021999076625653e-08
2.965753493705753e-08
2.9116717237352013e-08
2.85983927614963e-08
2.810124622623346e-08
2.762190340782847e-08
2.7157370756181545e-08
2.6704194191092182e-08
2.6260577499447578e-08
2.5824833367429774e-08
2.5395659651135646e-08
2.4972418603820434e-08
2.4554015435715757e-08
2.413988101304139e-08
2.3729555194908252e-08
2.3321821801906964e-08
2.2916550206664526e-08
2.251280839928633e-08
2.211021385897342e-08
2.1708130769606294e-08
2.130590703860019e-08
2.0903081335236994e-08
2.0498935354430037e-08
2.0093090065684178e-08
1.968464797682285e-08
1.9273711602688508e-08
1.8859543075171032e-08
1.84419027474374e-08
1.802083889422631e-08
1.7596603693922542e-08
1.717021890032888e-08
1.6743124819653805e-08
