1.8649235123844796e-11
-2.923681804468947e-13
8.084774711682174e-13
-2.629870605140583e-14
5.793789384887782e-14
1.1036641435827055e-12
-2.208336568080768e-12
-6.408702507478686e-13
-8.239872542961657e-13
2.2782882351524147e-15
-1.5614527899832087e-13
-7.613120474748297e-13
1.4146158474215992e-12
-1.7772499509398354e-13
-6.31066135762734e-13
3.0295804385148395e-13
7.283283134582041e-13
-1.547302054278471e-13
-2.1520388552784264e-13
-6.097758745420706e-13
3.86924704515873e-13
3.451018225526792e-13
2.1072241716303675e-13
-2.962933446769983e-13
-2.8034562518652884e-13
2.4002392955135843e-13
1.3117038379951984e-13
2.867990675677057e-13
2.5908523373571746e-13
-1.7600631781015952e-13
1.395354101360602e-13
-8.206618978129354e-14
1.589745316724761e-13
2.5991367261571363e-13
-3.6005822889179084e-13
6.42847212094233e-13
2.992859866185471e-13
1.270715845914927e-13
-2.278988087654754e-13
2.626929435697173e-13
2.97422459924479e-13
1.2303330825923914e-12
2.471729716518531e-12
5.7074263392666025e-12
1.0731080114139216e-11
2.0719581595145947e-11
4.2725862290423494e-11
8.568910186447509e-11
1.6883039917806562e-10
3.311348054752753e-10
6.462684633864839e-10
1.2524845664188718e-09
2.4103100570126157e-09
4.607299116657013e-09
8.744936378361117e-09
1.6473800765719063e-08
3.080320365640189e-08
5.715369972674996e-08
1.052159653753301e-07
1.9214135435710752e-07
3.4799689427355337e-07
6.249655104295952e-07
1.1126767196271926e-06
1.9634232253053414e-06
3.4331046274732764e-06
5.946731972206805e-06
1.0201685917116582e-05
1.7327868133908082e-05
2.9131858104194285e-05
4.8462242859247454e-05
7.974528017167285e-05
0.00012975292133614593
0.0002086767968539391
0.0003315880326751979
0.0005203569971148513
0.0008060796700398249
0.0012319952379273007
0.001856767223357805
0.002757822391657713
0.004034186723952151
0.005807929280720344
0.008222948194343143
0.011439463353815757
0.01562234779285694
0.020921541323179253
0.02744331409214981
0.03521219515917415
0.04412651397744998
0.05391419925634612
0.0640938539589671
0.07394960719361955
0.08257767863580195
0.08897937524750416
0.09206276690875048
0.09075225713971032
0.08556187408572327
0.0773194263815179
0.06410376104652549
0.045813003042509695
