0.002815658078700016
0.002920577298759156
0.003027805760025853
0.0031373724372966596
0.0032493050361088334
0.0033636299033269032
0.0034803719351169746
0.003599554479896
0.003721199235941821
0.0038453261444003897
0.003971953276537407
0.004101096715777455
0.004232770433754324
0.00436698616046063
0.004503753248344251
0.0046430785293984835
0.004784966166694114
0.004929417498870942
0.0050764308765698304
0.005226001494475748
0.005378121214134101
0.005532778380292305
0.005689957631142852
0.005849639700215813
0.00601180121256348
0.006176414472858836
0.006343447248075657
0.006512862542818877
0.006684618368957363
0.006858667509250722
0.0070349572753747236
0.007213429261186198
0.007394019091555197
0.007576656166435236
0.007761263402451844
0.007947756971898534
0.00813604603929445
0.00832603249748986
0.008517610704083651
0.008710667218077683
0.008905080539273238
0.009100720851293594
0.009297449769238209
0.009495120092728808
0.0096935755680905
0.009892650658421747
0.010092170325610154
0.010291949824609471
0.010491794512394034
0.010691499674152378
0.01089085036775269
0.011089621289267184
0.011287576661218254
0.011484470147839433
0.01168004479668536
0.011874033011768297
0.012066156558487705
0.012256126605608054
0.012443643804286815
0.012628398407491328
0.012810070433696898
0.012988329876073759
0.013162836958995755
0.013333242446469228
0.013499188002810351
0.013660306608811726
0.013816223034901504
0.013966554372836046
0.014110910628803076
0.014248895376723088
0.014380106475636105
0.01450413684914955
0.014620575328866993
0.014729007560752417
0.01482901697327709
0.014920185806936829
0.0150020962021389
0.015074331344228026
0.015136476660677974
0.01518812106836057
0.015228858264286388
0.015258288056231212
0.01527601772463983
0.015281663412377206
0.015274851529157966
0.015255220168037549
0.01522242051766596
0.01517611826737621
0.015115994987602195
0.01504174947706327
0.014953099064241438
0.014849780848823074
0.014731552871969273
0.014598195196999845
0.014449510893271799
0.014285326900823096
0.014105494768019353
0.01390989124408347
0.013698418712296722
