0.004948838963326677
0.0050443042061933275
0.005140569615864404
0.0052376304564618155
0.005335481505810727
0.005434117038939011
0.005533530811448525
0.005633716042447642
0.005734665396787749
0.005836370966985169
0.005938824254506192
0.006042016151032687
0.006145936919002483
0.006250576171410372
0.0063559228519727935
0.006461965213260775
0.006568690796465866
0.0066760864086209334
0.0067841381004450155
0.0068928311437270375
0.0070021500069842426
0.007112078332650252
0.007222598911502715
0.007333693657787587
0.007445343583921068
0.007557528773485976
0.0076702283551613555
0.007783420474605855
0.007897082266809699
0.008011189827157417
0.008125718182193247
0.008240641260192203
0.008355931859421207
0.008471561618327237
0.008587500982857196
0.008703719173944757
0.008820184154686212
0.008936862596429425
0.009053719844033793
0.009170719880840988
0.009287825292579453
0.009404997231221448
0.009522195376973417
0.009639377900703384
0.009756501425541325
0.009873520986457735
0.009990389991157218
0.010107060178326716
0.010223481576752085
0.010339602461985977
0.010455369314493831
0.01057072677455948
0.010685617598764375
0.01079998261399896
0.010913760671545283
0.01102688860051233
0.011139301159981706
0.011250930991056876
0.011361708567759043
0.011471562146849338
0.01158041771831692
0.011688198953375313
0.011794827153080634
0.011900221195342588
0.012004297482024032
0.012106969884720414
0.012208149690465856
0.012307745545948157
0.012405663401895431
0.012501806456457671
0.012596075097807996
0.01268836684673191
0.01277857629773469
0.012866595060415157
0.012952311699876361
0.013035611676804197
0.01311637728651928
0.013194487598713302
0.013269818395096286
0.013342242108575519
0.013411627759992675
0.013477840896256105
0.013540743526916876
0.013600194061446932
0.013656047245125638
0.013708154096135305
0.013756361841012811
0.01380051385119841
0.0138404495787607
0.013876004492259234
0.013907010012877499
0.013933293450090358
0.013954677938183368
0.01397098237237516
0.013982021344889049
0.013987605082472968
0.013987539382859359
0.013981625552601401
0.013969660345556769
