0.9999997575005688
6.903514178731897e-09
5.094665477614545e-09
4.504439989727032e-09
4.219533073707451e-09
4.054817367184961e-09
3.948126568138413e-09
3.873241651372464e-09
3.816903001428818e-09
3.7719225134564145e-09
3.7341099192260126e-09
3.7008343206408492e-09
3.6702492282089227e-09
3.6415236338620884e-09
3.6132738315572632e-09
3.585597438927825e-09
3.557719980837363e-09
3.529483411950831e-09
3.500590814993788e-09
3.4710475790500963e-09
3.4409416490246048e-09
3.40986623840488e-09
3.3779671915751936e-09
3.3452201357477883e-09
3.3114844112226154e-09
3.2771994340758154e-09
3.2421966460273634e-09
3.206326678027534e-09
3.170210141462088e-09
3.133495391104627e-09
3.0966693360011436e-09
3.0595277478249085e-09
3.021886851379704e-09
2.9835844355701447e-09
2.944923433710531e-09
2.9053166255704856e-09
2.865138445412319e-09
2.8245347015861182e-09
2.783540867099005e-09
2.7421607545018873e-09
2.7007503120113212e-09
2.6594754019697025e-09
2.6181718392145575e-09
2.5769694200508157e-09
2.535987201097238e-09
2.495228087585354e-09
2.4547261954586394e-09
2.4145849365725207e-09
2.3747265772616142e-09
2.335027400201964e-09
2.2957456760712956e-09
2.256776599163869e-09
2.2180555599985894e-09
2.179874586834805e-09
2.142159906612915e-09
2.1048433352948597e-09
2.0682007580167725e-09
2.032630539771041e-09
1.9982844088512234e-09
1.9656472791038636e-09
1.9350728520601873e-09
1.9063026505138135e-09
1.8791390327265616e-09
1.8527274973126036e-09
1.8271812425088699e-09
1.8023758467631298e-09
1.7780815233453751e-09
1.7541445880443882e-09
1.7305109953520692e-09
1.7073048140958007e-09
1.6840415538201513e-09
1.6611378806248692e-09
1.638446182500059e-09
1.6158486139286436e-09
1.5934356219984445e-09
1.5711044690837903e-09
1.548943811216253e-09
1.5267251221033655e-09
1.5047291542790133e-09
1.4826089213057938e-09
1.460449012548901e-09
1.4381031888946396e-09
1.4157250473185155e-09
1.3932328445804816e-09
1.370537914650589e-09
1.3475009572194724e-09
1.3241664381507536e-09
1.3007777712565903e-09
1.2769130065000192e-09
1.2527236905838633e-09
1.2280799406969885e-09
1.2029468488070348e-09
1.177631352513034e-09
1.151491133782914e-09
1.1249593843448943e-09
1.0977794384301496e-09
1.0702819533723843e-09
1.0421741808279416e-09
1.0137821560983403e-09
