0.018465206195805092
0.01798951646805993
0.017555488388575582
0.017157753759344384
0.016791769058507183
0.016453664032747926
0.016140122518783034
0.015848287763595256
0.01557568656585072
0.015320168013943928
0.015079853650294558
0.014853096648950298
0.014638448163747089
0.014434629417261105
0.014240508420174804
0.014055080446826455
0.013877451577562688
0.013706824757071731
0.013542487929914613
0.013383803897616564
0.013230201609274088
0.013081168654243767
0.012936244761495281
0.012795016152125704
0.012657110611012722
0.01252219317436472
0.012389962337851624
0.012260146714898158
0.012132502080659954
0.012006808746621273
0.011882869225171528
0.011760506142330842
0.011639560368983103
0.011519889342518762
0.01140136555461926
0.011283875186939346
0.011167316875330124
0.011051600590160028
0.01093664661713374
0.010822384630331966
0.010708752846146731
0.010595697249557258
0.010483170887423862
0.010371133219457271
0.010259549524057247
0.010148390352167457
0.010037631025579318
0.009927251175988052
0.00981723432060218
0.009707567472065028
0.009598240779321454
0.009489247197416516
0.009380582183397709
0.009272243417427837
0.009164230545682439
0.009056544945146319
0.008949189506767248
0.008842168437909184
0.008735487080552799
0.00862915174586893
0.008523169562650562
0.008417548339920774
0.008312296441375194
0.008207422672061697
0.008102936175400165
0.007998846340865609
0.007895162720430499
0.0077918949538281854
0.007689052702312759
0.0075866455887088164
0.007484683145992911
0.007383174770497361
0.007282129681822075
0.007181556888404726
0.007081465156763748
0.00698186298670094
0.006882758589328938
0.0067841598694238945
0.006686074411312381
0.0065885094670007915
0.006491471947548166
0.006394968417163048
0.006299005088063537
0.006203587819279538
0.0061087221147476225
0.006014413125136784
0.0059206656486689895
0.0058274841342819935
0.0057348726856912
0.005642835065031314
0.005551374697947385
0.005460494678856673
0.005370197775902897
0.005280486436882647
0.005191362794556698
0.005102828671984517
0.005014885587983284
0.00492753476227027
0.00484077712016702
