0.9999999999462731
7.715459956817957e-14
1.9645168865340865e-14
-7.433785058263346e-14
-2.055195884220599e-14
1.341594936136786e-13
2.8365771268688215e-15
-8.649947975909256e-14
4.572353517738625e-15
-8.768136919582861e-15
1.0080125117920458e-14
6.896668739739362e-14
-1.6279755558760208e-14
1.5841513417345042e-14
4.317089254710169e-14
4.9518515102178057e-14
2.0672659005634142e-14
-9.236074361915203e-15
2.399085297826245e-14
-1.2598625755925325e-14
8.101061054616165e-14
4.911393828525151e-14
-1.4710888757152318e-14
1.031285652578276e-14
1.2861856490877649e-14
-9.001686792882782e-14
9.418751585957286e-14
-1.8972955259828617e-14
1.203388517306836e-14
-2.6989180204953223e-15
6.714663953978281e-14
-1.0185007405603269e-13
-4.358743455144115e-15
8.487732272664111e-14
1.2325643977684209e-14
-2.4653646095093573e-14
-9.013131224439724e-14
2.12747300245425e-14
-1.562769011420606e-15
-1.230548052778141e-13
-1.321445258989709e-13
5.0230693627965894e-14
1.164391120415248e-14
3.9386181414487686e-14
-6.400685103463699e-14
-7.339265371657244e-14
-2.95884058356885e-14
-5.223415016492039e-15
9.978725745013461e-14
6.066558388452548e-14
1.4632435887951267e-13
2.9166122642032555e-15
6.136584296267955e-17
-7.64206948590529e-14
5.2353791874654165e-14
-6.757683063303432e-14
-3.8944108354810325e-14
-5.828269724478252e-14
2.859111601985487e-14
-1.055985268845483e-13
9.393316202990776e-14
-1.918230114680841e-14
1.3407704850879054e-14
-2.3683041205230237e-15
-6.311926892613173e-14
3.885680297487093e-14
7.725141056361129e-14
1.68776667988646e-14
-1.7789155565273163e-14
9.221410527532337e-14
-1.0430775709314999e-13
8.824917793054388e-14
3.8347119533585494e-14
3.443352916167319e-14
3.695668445748146e-14
2.405546465147901e-15
1.4429863554044076e-14
-5.289909135730575e-14
5.874969022552634e-14
2.0937244993302073e-14
1.4761141527847021e-15
-3.8955384057404174e-16
1.9917010748993214e-14
-5.309563010612306e-14
7.390003322824135e-15
-2.929384165795135e-14
-6.858484049784841e-14
5.865886118852637e-15
-1.4826193658196152e-14
5.616329883800786e-15
-1.6639250741135037e-15
3.4532530372548276e-14
-1.6833648190661687e-14
-3.011624966336307e-14
-1.3029413160371706e-14
-4.0531610728290757e-14
-4.8059389042183487e-14
8.6253243046161e-14
-8.331129168546151e-14
