1.1561636522293417e-13
8.641568363665364e-14
4.9991369550916875e-14
1.1892337158439514e-13
1.150284294898496e-14
-1.7338290091845066e-14
-2.3546702782040185e-14
1.0425183936610405e-13
1.8018209537243313e-13
-6.117827598683956e-14
5.707592601669753e-14
7.276628301647325e-14
1.0090192570366696e-13
7.016289675990106e-14
2.9201386317692646e-13
1.9031545545229733e-13
3.075242426160696e-13
3.0653989546367e-13
5.521169459121733e-13
8.303014851183954e-13
1.3667871901542478e-12
1.8817658748501026e-12
2.7715640112807582e-12
4.147215502871976e-12
6.139689559710171e-12
9.576840785240764e-12
1.4501722576682613e-11
2.185692631658659e-11
3.3008833351128725e-11
5.015764095294556e-11
7.591013437952508e-11
1.1449342870810918e-10
1.7288283825356299e-10
2.6061836757153116e-10
3.92452933811651e-10
5.904171423141459e-10
8.872028096993528e-10
1.331513528422942e-09
1.995906452319316e-09
2.988001897882668e-09
4.4674470789916355e-09
6.670181686282625e-09
9.945607068754993e-09
1.4807408928185512e-08
2.2014189303128182e-08
3.2678444751674685e-08
4.843236705627139e-08
7.166583224527557e-08
1.0586757625251093e-07
1.5612275238777976e-07
2.298252136611039e-07
3.376994119220079e-07
4.952648050142482e-07
7.249201753820327e-07
1.0589085011476458e-06
1.5435122448403309e-06
2.244974655864115e-06
3.2578168249949846e-06
4.716479674080716e-06
6.8115375367433745e-06
9.812182319551919e-06
1.409723590236402e-05
2.0197700260494078e-05
2.8854794832365485e-05
4.109861050422827e-05
5.835398432859121e-05
8.258192964651561e-05
0.00011646701371850529
0.00016366333185863802
0.00022911410813018868
0.000319462163856504
0.00044357016273811526
0.0006131699141236379
0.0008436581574926612
0.0011550506318602333
0.0015730948816725272
0.0021305224924033327
0.002868390010465245
0.003837410786228437
0.005099113364385271
0.006726572219263588
0.008804341848732284
0.011427087636601068
0.014696255843408501
0.01871398188733285
0.02357334077252183
0.029344063588237376
0.03605308604582024
0.043659916611681227
0.0520280226738804
0.06089544552755895
0.06985068077346471
0.07832282800117679
0.0855962281050785
0.0908570120032925
0.09327355114152701
0.09211138189261092
0.08688349845804158
0.07751311894362764
