0.025039445415839186
0.0230092493539547
0.021541057410396743
0.020411858215704844
0.01950642461714209
0.018758307442997786
0.018125962171983364
0.01758175917749188
0.01710640959714641
0.01668591492234141
0.016309792060326265
0.015969986823560857
0.015660179810924817
0.015375326461973097
0.015111342472588303
0.014864882554195444
0.014633180947612017
0.014413933874899388
0.014205211138725107
0.014005388418051174
0.013813094532668288
0.013627169730265195
0.01344663222331495
0.01327065099125166
0.013098523418445283
0.012929656706563458
0.012763552282035219
0.012599792602989221
0.01243802991725887
0.01227797662258821
0.012119396957595917
0.011962099808954359
0.011805932463505262
0.01165077516795975
0.011496536381156303
0.011343148626765729
0.01119056486770243
0.01103875533596815
0.01088770476155437
0.01073740995228769
0.010587877682066728
0.010439122850990946
0.010291166884378939
0.01014403634393304
0.009997761724021937
0.009852376411730677
0.00970791579022878
0.009564416469090833
0.009421915623561126
0.009280450431265104
0.009140057593078761
0.009000772925535317
0.008862631018370664
0.008725664946003485
0.008589906026333551
0.008455383621499654
0.0083221249728318
0.008190155067182356
0.008059496529880177
0.007930169540814212
0.00780219177090812
0.007675578337320056
0.007550341774930061
0.007426492023262086
0.007304036428228949
0.0071829797575378935
0.007063324229829213
0.006945069556927455
0.006828213000747402
0.006712749442785749
0.006598671467958975
0.006485969462574096
0.006374631725798345
0.006264644595301351
0.006155992586644992
0.006048658544280745
0.00594262380686476
0.005837868381838628
0.005734371130251957
0.005632109960103672
0.0055310620244942805
0.005431203925708746
0.005332511918799492
0.005234962115853189
0.005138530685571841
0.005043194046236174
0.00494892905122888
0.004855713160839353
0.004763524600658674
0.004672342503798891
0.004582147033572205
0.004492919485846976
0.004404642370921179
0.0043172994705477415
0.004230875873458322
0.004145357987198424
0.004060733526696043
0.003976991481450901
0.003894122061907468
