0.18288005641910796
0.026461241458608183
0.01965302247240982
0.017138443099037042
0.015796067971268674
0.014950084913658462
0.014363849586094
0.013931221534668792
0.013596583431641954
0.013327516375915213
0.013103636920946399
0.012911411485956526
0.01274149694631866
0.012587263411509737
0.012443917568093207
0.01230795287755812
0.012176788578158267
0.012048523576660437
0.011921763503275935
0.011795496209290199
0.01166900040533634
0.011541777572223381
0.011413500548483436
0.01128397424993509
0.011153105292935723
0.011020878196834252
0.010887336467096442
0.010752567326756451
0.010616689210954409
0.010479841424688115
0.010342175566914807
0.010203848494793949
0.010065016701148637
0.009925832036278016
0.009786438716004913
0.009646971528045535
0.009507555100506111
0.009368304041661436
0.009229323719306879
0.009090711431962308
0.00895255774287403
0.00881494779390216
0.008677962471076944
0.008541679359171089
0.008406173474255341
0.008271517797235483
0.008137783652499205
0.008005040980624384
0.00787335855096119
0.007742804151245093
0.0076134447751055444
0.007485346825123702
0.007358576327871312
0.007233199156576618
0.007109281237796089
0.006986888717074646
0.0068660880407327065
0.006746945903396471
0.006629528999770846
0.006513903505192206
0.006400134213165348
0.006288283253803781
0.006178408352234278
0.006070560618942469
0.0059647819447979636
0.0058611021546458916
0.005759536170070412
0.005660081501484878
0.005562716409477956
0.005467399035981369
0.005374067681279857
0.005282642243079955
0.005193026660904929
0.005105112068772509
0.005018780291386243
0.004933907324460319
0.004850366510007842
0.004768031221738474
0.004686776985156436
0.004606483048730029
0.004527033484902492
0.004448317933839395
0.004370232109932746
0.004292678184422975
0.004215565138379935
0.004138809162197425
0.0040623341528772065
0.003986072342095612
0.003909965065764722
0.00383396366070397
0.0037580304558039873
0.0036821397903421082
0.0036062789700453137
0.0035304490409602133
0.0034546652435965717
0.003378957007336513
0.003303367357706704
0.0032279516635253776
0.0031527757131083866
