0.015309471484006852
0.015031084598127225
0.014783830364060606
0.014563126184929425
0.014365153232812443
0.01418669939012837
0.014025040365576138
0.013877848502413812
0.013743121979392136
0.013619129240568803
0.013504364931486901
0.01339751463319728
0.013297426386519505
0.01320308750663459
0.01311360555377534
0.013028192592997362
0.012946152074904828
0.012866867819505348
0.012789794695816002
0.012714450680064207
0.012640410034662035
0.012567297411443216
0.012494782713084128
0.012422576586132805
0.012350426439229713
0.012278112903125797
0.0122054466631663
0.012132265608022028
0.012058432250312723
0.01198383138086115
0.011908367927249877
0.011831964989740568
0.011754562035741961
0.011676113234901274
0.011596585920663361
0.011515959166736315
0.011434222467591843
0.011351374516974577
0.011267422073679749
0.011182378912023151
0.011096264849895012
0.011009104849425253
0.010920928187521023
0.010831767692107922
0.01074165903933331
0.01065064011207702
0.01055875041253796
0.010466030530340465
0.010372521661002053
0.010278265173172886
0.010183302223230163
0.010087673413223874
0.009991418491131459
0.009894576091068839
0.009797183511934326
0.009699276530237486
0.009600889248314889
0.009502053972021623
0.009402801120504598
0.009303159160747384
0.009203154569947969
0.009102811819770745
0.00900215338404864
0.008901199764323355
0.008799969535364958
0.008698479405697901
0.00859674429294933
0.008494777412954698
0.00839259037858139
0.008290193310022046
0.008187594952257073
0.008084802799457629
0.0079818232257569
0.007878661618641187
0.007775322516792104
0.0076718097485548925
0.007568126571155515
0.007464275809501066
0.007360259992886367
0.0072560814891026
0.007151742634611533
0.007047245860108934
0.006942593810685731
0.0068377894584643
0.006732836208589173
0.006627737996918625
0.006522499378342404
0.00641712560594011
0.006311622699444526
0.0062059975030792055
0.006100257732586788
0.005994412009431708
0.005888469884658476
0.005782441849222185
0.005676339333660043
0.005570174694376481
0.005463961189207774
0.005357712941051187
0.0052514448895261
