0.007962968259559439
0.008026351486130411
0.00808937020360628
0.00815201601015447
0.008214280401932984
0.008276154772602136
0.008337630414178962
0.008398698516356192
0.008459350166801072
0.008519576351012585
0.008579367952841387
0.008638715754680544
0.008697610436583644
0.008756042577458545
0.008814002654791809
0.008871481044714729
0.008928468022647625
0.008984953762651678
0.00904092833870751
0.009096381724077358
0.009151303792047583
0.009205684316190762
0.009259512970338698
0.009312779329515575
0.009365472869334935
0.009417582967439575
0.00946909890352978
0.009520009859034183
0.009570304918935504
0.009619973071136583
0.009669003207411138
0.009717384123965046
0.009765104521801198
0.00981215300741997
0.009858518093635069
0.009904188199527458
0.009949151652210402
0.009993396686445354
0.010036911446121725
0.010079683984616741
0.010121702265789354
0.010162954164811683
0.010203427468796407
0.010243109878074036
0.010281989006810781
0.010320052384138552
0.010357287455077146
0.010393681581480867
0.010429222043623818
0.010463896040171988
0.010497690690915832
0.010530593036331939
0.010562590040043484
0.010593668589462995
0.01062381549701656
0.010653017501921866
0.010681261271163376
0.010708533401121774
0.010734820418818408
0.010760108783594593
0.010784384888512308
0.010807635062042742
0.010829845569493088
0.010851002614869603
0.01087109234237573
0.01089010083819176
0.010908014132372022
0.010924818200503348
0.010940498965427547
0.010955042299517518
0.010968434026197706
0.010980659922441833
0.010991705720131459
0.011001557108573886
0.01101019973628205
0.01101761921353465
0.01102380111404611
0.01102873097776111
0.011032394312322048
0.011034776596385595
0.011035863280616887
0.011035639791676993
0.011034091533260793
0.011031203889040858
0.011026962225370487
0.011021351893527678
0.011014358232476028
0.011005966571128772
0.010996162231214222
0.010984930530080577
0.010972256782648338
0.01095812630549647
0.010942524418056349
0.010925436446631073
0.01090684772619246
0.010886743604236679
0.010865109442853663
0.01084193062186971
0.010817192541959716
