0.009340808644526855
0.009400620075976363
0.009459349709114566
0.009516984446102366
0.009573510957626947
0.00962891570949724
0.009683184988003824
0.009736304923877228
0.009788261516955513
0.009839040657293643
0.0098886281482171
0.009937009726935224
0.009984171084498724
0.01003009788612402
0.010074775790105366
0.010118190466422877
0.010160327614774384
0.010201172982669536
0.010240712382085371
0.010278931706720758
0.010315816948345926
0.01035135421252446
0.010385529734799018
0.010418329895990256
0.0104497412366806
0.010479750473035471
0.010508344510172947
0.010535510456931674
0.010561235639531385
0.010585507615430322
0.010608314186075154
0.010629643410307919
0.010649483617121402
0.010667823417632854
0.010684651718042481
0.010699957730795477
0.010713730986312913
0.010725961344679567
0.010736639006231168
0.0107457545222886
0.010753298805777552
0.010759263141151582
0.01076363919416883
0.010766419021244382
0.010767595078889485
0.01076716023209521
0.010765107762839283
0.010761431378417834
0.010756125218908391
0.010749183864735085
0.01074060234333326
0.010730376136141447
0.010718501184762494
0.010704973896357106
0.010689791149507239
0.010672950299387588
0.010654449181762334
0.010634286117662192
0.010612459917072978
0.010588969882076422
0.01056381580989416
0.010536997995301056
0.010508517232552373
0.010478374817051004
0.010446572546184016
0.010413112720288435
0.010377998142298487
0.010341232117906333
0.010302818454375464
0.010262761459431734
0.010221065939377974
0.01017773719692719
0.010132781028267451
0.010086203720141228
0.010038012045366447
0.009988213259710112
0.009936815095964875
0.00988382575963645
0.009829253922753078
0.009773108717532647
0.009715399730297707
0.009656136993321154
0.009595330977773327
0.009532992585522353
0.009469133140225275
0.009403764378246342
0.009336898438914186
0.009268547854594933
0.009198725539937863
0.009127444780895569
0.009054719222890197
0.00898056285979766
0.00890499001992324
0.008828015354631891
0.008749653824150234
0.008669920683872453
0.008588831470664431
0.00850640198758883
0.008422648288958456
