0.751939141369559
0.006209649276776542
0.004577103002947906
0.004038014882730824
0.003778587968250357
0.0036326850594303878
0.0035434205900772044
0.0034857070349458346
0.003446698443129503
0.003419157705680615
0.0033987356584297816
0.0033826964885090233
0.003369260798307718
0.003357242446742999
0.0033458369902018307
0.0033344933843501862
0.0033228336719523656
0.003310601370007938
0.0032976274647360236
0.0032838072500749826
0.003269083566179423
0.003253433223315992
0.0032368542555663484
0.0032193527823107066
0.003200930140402254
0.003181573170790082
0.003161251318532155
0.00313992190755393
0.0031175407628916798
0.0030940729544592185
0.0030694996635710963
0.0030438202555079005
0.003017050885144173
0.002989221536837285
0.0029603729489574094
0.002930554219337892
0.002899821414514253
0.002868237269023688
0.00283587198888845
0.002802805177379864
0.0027691289130138156
0.0027349519651829017
0.002700404938036395
0.002665645692983818
0.002630863564940152
0.0025962797316337674
0.0025621400618774147
0.002528697141575197
0.0024961815957743536
0.0024647693561698682
0.0024345571972792532
0.0024055574518896615
0.0023777131877433387
0.0023509247683264002
0.0023250758378705657
0.0023000513929591097
0.002275746831527278
0.002252070444078449
0.0022289424000777264
0.0022062924522011636
0.0021840575456009426
0.00216217980983736
0.0021406050229844974
0.00211928147105757
0.0020981590925524237
0.0020771887883055226
0.002056321810851322
0.00203550917117973
0.002014701055866124
0.001993846327323784
0.001972892285495718
0.0019517850176068968
0.0019304706723070827
0.0019088977468302041
0.0018870198403309313
0.0018647976946444538
0.0018421993700328343
0.0018191983984756055
0.0017957708604495455
0.0017718926554197627
0.0017475377206352374
0.00172267727499163
0.0016972797885712626
0.0016713113405571315
0.0016447361296901462
0.0016175170287131514
0.001589616171680967
0.0015609956206379951
0.0015316182129060754
0.0015014487235621705
0.0014704555423647795
0.001438613096205297
0.0014059052995160247
0.0013723302616078467
0.0013379062918553112
0.001302678728187788
0.0012667262438177684
0.0012301642383869093
0.0011931424482309193
