6.412325439169664e-08
7.99926188406355e-08
9.974804848680158e-08
1.2428514896525899e-07
1.5469305544662214e-07
1.9229864915075272e-07
2.3872447608627983e-07
2.9595863414145183e-07
3.66443805389265e-07
4.5318379367161087e-07
5.59868466374193e-07
6.910208903871686e-07
8.521642872718542e-07
1.0500248365114808e-06
1.2927740398404838e-06
1.590321147620856e-06
1.9546659295063915e-06
2.4003177286863013e-06
2.944795229537552e-06
3.6092180311801995e-06
4.419006751455758e-06
5.4047100573318655e-06
6.602977637471712e-06
8.057705958167203e-06
9.821380533129068e-06
1.1956645346337708e-05
1.4538135991283476e-05
1.765460903201555e-05
2.1411413758531765e-05
2.593334863450474e-05
3.136795578667249e-05
3.7889302682251756e-05
4.5702313418041415e-05
5.5047705888977767e-05
6.620760329000366e-05
7.951187902653298e-05
9.534530302785958e-05
0.0001141555523306245
0.00013646214151043055
0.00016286632568685656
0.00019406201379475847
0.00023084771453278294
0.0002741395185869989
0.0003249850855091259
0.00038457857807645666
0.00045427642928841475
0.0005356137882883338
0.0006303214094956085
0.0007403426886942636
0.0008678504447952567
0.001015262954473893
0.0011852586259749754
0.0013807885646440264
0.0016050861534826384
0.0018616726043418539
0.002154357291184382
0.0024872315068025608
0.0028646541276054283
0.003291227523339667
0.0037717619179973615
0.00431122630930083
0.00491468400395353
0.005587210827966088
0.006333794158597491
0.007159211117040887
0.008067884564227072
0.009063716004454242
0.010149895140439211
0.011328686648215701
0.012601195784024554
0.013967115704485559
0.015424460826609261
0.016969292181908888
0.018595442434168157
0.020294249991891184
0.022054313443302952
0.023861279511162164
0.02569768015502708
0.027542838011157967
0.02937286477793515
0.031160785179891067
0.03287682964356464
0.03448894949151586
0.03596361262611669
0.03726692167528114
0.03836603891931976
0.03923078306454611
0.039835092710977994
0.040157916112189274
0.04018314969777847
0.03989862315599576
0.03929468801751372
0.03836334718302188
0.03709877211629549
0.035499509041593706
0.0335719426663666
0.0313340036662039
0.028817868222696226
0.02607043563350191
