0.23259239638020449
0.013821224050003206
0.010390449823649171
0.009280459505670873
0.008776057343157995
0.008519567791727703
0.008387438929407454
0.008324868402985757
0.008303647594166484
0.00830779383951781
0.008327640997117206
0.008357067464957228
0.008392066615960652
0.008429956094196408
0.008468915808602241
0.00850770388666133
0.008545470783181602
0.008581626418702517
0.008615735523853349
0.008647432203974629
0.008676358212419967
0.008702135377720428
0.008724375428768754
0.008742715016560865
0.008756854535614946
0.008766584199981818
0.008771793035316859
0.008772465661148383
0.00876867439826257
0.008760572732362483
0.008748393595967139
0.008732453740490295
0.008713163659727912
0.008691040442113837
0.008666717869310683
0.008640943980920095
0.008614552840216724
0.008588398817677482
0.008563253921122987
0.008539691378714132
0.008517998083243238
0.008498153999389416
0.008479884404016102
0.00846275492039365
0.008446267322191389
0.00842992834394613
0.008413285697858762
0.00839593937002313
0.008377539513901073
0.008357779726849241
0.008336390843693808
0.008313137668349178
0.00828781952132188
0.008260274663316428
0.008230388018035583
0.008198100704685338
0.008163418535766588
0.008126415191581006
0.008087225487416607
0.008046026509752243
0.00800300944012059
0.007958349680249992
0.007912183614803931
0.007864596514778978
0.007815620975710046
0.0077652422699470754
0.007713406657616256
0.007660029851275641
0.007605004154746647
0.0075482037439136935
0.007489488048879337
0.0074287034059436685
0.007365683247832411
0.007300247225929302
0.007232199984016206
0.007161330865832129
0.007087416509376316
0.007010228464660531
0.00692954654574136
0.006845175099316978
0.006756955592539313
0.0066647688866213325
0.006568525874012978
0.006468151606540887
0.0063635701325798506
0.006254694618356207
0.006141423560672639
0.00602364184142115
0.005901225165622455
0.005774047203142612
0.005641989675387867
0.005504956416927291
0.0053628929409247576
0.005215813029342826
0.005063832875282468
0.004907210598620693
0.00474638395437515
0.004581992855373112
0.004414870037429427
