0.033265682647409506
0.02023869037881117
0.016973056795124546
0.015479797244477003
0.014632279903864568
0.01409638392976756
0.013735805722485115
0.013483419347806424
0.013301722062464981
0.013167799092039347
0.013066710122796935
0.01298824420821488
0.012925182860589579
0.012872300928716128
0.012825755708596122
0.012782693536043862
0.012740985114564986
0.01269904087630104
0.012655678321594995
0.012610024449554065
0.012561442709730624
0.012509477642502615
0.012453812662437096
0.012394237884208075
0.012330625807864622
0.012262913257927702
0.012191088313043979
0.01211518117072813
0.012035258017687346
0.011951417085538936
0.011863786189472772
0.011772521182700663
0.01167780490348089
0.011579846321561107
0.011478879695665092
0.011375163614925514
0.011268979820957006
0.011160631696955461
0.01105044228618513
0.010938751666280258
0.010825913493301774
0.010712290536712948
0.010598249088518731
0.01048415223644998
0.010370352155987618
0.010257181769579586
0.0101449463156032
0.01003391551331677
0.009924317049480205
0.009816332025649823
0.009710092781445058
0.009605683205632537
0.009503141316524048
0.009402463629285556
0.009303610671522201
0.009206512983482414
0.009111077025440738
0.009017190568226745
0.00892472731698135
0.008833550672590718
0.008743516654141184
0.008654476079691178
0.008566276137713694
0.008478761493220514
0.008391775062430998
0.008305158578775949
0.008218753051302482
0.008132399202015793
0.008045937947946977
0.007959210972288305
0.007872061404112106
0.007784334595311617
0.00769587895493055
0.007606546770284062
0.007516194934878878
0.00742468550609318
0.007331886041448509
0.007237669708794955
0.00714191521283333
0.007044506623018216
0.006945333217699603
0.00684428946414666
0.006741275245828595
0.0066361964289660125
0.00652896583326046
0.006419504656080774
0.006307744369044843
0.006193629092836891
0.0060771184248221205
0.005958190664434235
0.0058368463286799475
0.005713111791701954
0.005587042804893212
0.005458727577212249
0.0053282890306265065
0.005195885813266859
0.0050617116833992695
0.0049259929845780325
0.004788984121752821
