0.9408357451089746
0.0010746380948959764
0.0008027122731104391
0.0007179911597243032
0.0006806170943273814
0.0006621155100117414
0.0006528227097521753
0.0006485504952522765
0.0006472000209673803
0.0006476116348495816
0.0006490973558375166
0.000651226407821567
0.0006537179731285489
0.0006563840913228933
0.0006590979391309778
0.0006617758125921508
0.0006643666474327383
0.0006668448242139383
0.0006692019348747767
0.0006714334254647091
0.0006735211054849941
0.000675422434464141
0.0006770775574466732
0.0006784278260316928
0.0006794297104463685
0.0006800579269674494
0.0006803020200683846
0.0006801615983430465
0.0006796426083794844
0.0006787551041743338
0.0006775123268869666
0.000675930902900166
0.0006740321785711364
0.0006718449267646827
0.0006694098061874186
0.0006667856885773661
0.0006640566095673183
0.0006613346104312845
0.0006587490713476346
0.0006564151253568829
0.0006543926286143193
0.0006526676568760861
0.0006511728051984386
0.0006498244289184873
0.0006485483306913587
0.0006472874791414719
0.0006459996816180291
0.0006446527862357528
0.0006432206766136351
0.000641680673309499
0.0006400120856375848
0.0006381955680155433
0.000636213057536414
0.0006340482424814409
0.0006316876325296216
0.0006291223628771571
0.0006263507331335604
0.0006233808727451823
0.0006202318314041666
0.0006169308744641637
0.0006135068440561535
0.0006099831126585996
0.000606373973379592
0.0006026848822077611
0.0005989145817388436
0.0005950573696338732
0.0005911048179253789
0.0005870468843916628
0.0005828725700479783
0.0005785702742983048
0.0005741279536072988
0.0005695331293981398
0.0005647727591201533
0.0005598329266843742
0.000554698296436571
0.0005493513060987815
0.0005437712904005588
0.0005379343072997073
0.0005318151368753198
0.0005253922548910835
0.000518653115935695
0.0005115947366873556
0.0005042189137382349
0.000496526742601084
0.0004885158736487917
0.00048018023205590805
0.0004715107329110144
0.00046249607379068413
0.0004531233286755279
0.0004433783714543712
0.0004332462815843209
0.0004227119087895349
0.0004117608803336693
0.0004003814707258036
0.0003885679727847784
0.00037632636665763726
0.00036368269733691336
0.0003506926729942614
0.000337446993372705
