0.01728412957710323
0.01673317476416551
0.016270640951703216
0.015877218745342352
0.015538845460500971
0.01524495913820044
0.01498742124552181
0.014759824589180796
0.014557033144574226
0.014374866884544878
0.014209880257999553
0.014059202897949891
0.013920422705239287
0.013791498432506481
0.013670693195073792
0.01355652308572525
0.013447716861437715
0.013343183855885107
0.01324198808557253
0.013143327074959812
0.013046514321184656
0.012950964593533176
0.012856181471860104
0.012761746669431666
0.01266731079452277
0.012572585289804494
0.01247733534174838
0.012381373602303946
0.012284554597108362
0.012186769720484474
0.012087942736074428
0.01198802572034849
0.011886995393774849
0.011784849796544353
0.011681605271199706
0.011577293722212965
0.01147196012402738
0.011365660256655273
0.011258458646570393
0.011150426699118992
0.011041641003702375
0.010932181800941278
0.010822131600520701
0.01071157393713589
0.010600592258312981
0.010489268934555457
0.01037768438395491
0.01026591630733805
0.010154039023772913
0.01004212290583828
0.009930233904771053
0.009818433163324598
0.009706776710308106
0.009595315232619538
0.009484093918984707
0.009373152371121091
0.00926252457834375
0.009152238949092213
0.009042318395948074
0.00893278046777167
0.008823637525509435
0.008714896955885012
0.008606561417715158
0.008498629118022136
0.008391094110574806
0.008283946614754931
0.00817717335022717
0.008070757882660222
0.007964680977939268
0.007858920961212181
0.007753454078435108
0.007648254857290169
0.0075432964655856504
0.007438551065358747
0.007333990161350891
0.00722958494147514
0.007125306609434912
0.007021126706508594
0.006917017424071945
0.006812951903310685
0.006708904522570889
0.006604851170271059
0.006500769503217888
0.0063966391879692565
0.006292442123846972
0.006188162645938779
0.006083787706907908
0.005979307033570931
0.005874713259793242
0.005770002029492606
0.005665172071204868
0.005560225240827486
0.0054551665316433995
0.0053500040499482255
0.005244748956558403
0.005139415373088141
0.0050340202553513305
0.004928583231277622
0.004823126409507711
