0.00040500654050078645
0.0004342244270468413
0.00046516021977279084
0.0004979085670063516
0.0005325687988933321
0.0005692451171685674
0.00060804679061197
0.0006490883508643343
0.0006924897910977658
0.0007383767650705357
0.0007868807864938783
0.0008381394271650135
0.0008922965122496538
0.0009495023129326914
0.0010099137331475007
0.0010736944900588145
0.0011410152864817405
0.0012120539721342956
0.001286995694423179
0.001366033032560795
0.0014493661166064319
0.00153720272581059
0.0016297583648426843
0.0017272563154059001
0.0018299276562090624
0.0019380112532804178
0.002051753711675599
0.002171409286324392
0.002297239746993271
0.0024295141934598773
0.002568508812018969
0.0027145065721866763
0.0028677968526506486
0.0030286749935859547
0.0031974417649160832
0.003374402745510114
0.0035598676027823184
0.0037541492663481246
0.003957562984239061
0.004170425254100086
0.004393052617349895
0.0046257603082226085
0.0048688607432545074
0.005122661843198463
0.005387465172972489
0.005663563889110985
0.005951240481487017
0.006250764297256196
0.006562388834376947
0.006886348791623206
0.007222856864910303
0.007572100274716302
0.007934237018073647
0.008309391829631972
0.008697651849156812
0.009099061981327247
0.009513619948417444
0.009941271029686637
0.010381902486878614
0.010835337682897359
0.011301329896681781
0.011779555850252806
0.012269608962806322
0.012770992360010745
0.013283111664492548
0.013805267612864198
0.014336648543912776
0.0148763228176135
0.015423231236745882
0.01597617954964248
0.01653383113120139
0.017094699949937474
0.017657143942649986
0.018219358935731334
0.018779373264335313
0.019335043257648586
0.019884049768875443
0.020423895947441702
0.02095190645503955
0.021465228342644183
0.02196083380243811
0.022435525018884798
0.022885941327934377
0.023308568891723204
0.02369975307130217
0.024055713650946494
0.02437256303529016
0.024646327488290425
0.024872971421432594
0.025048424673418807
0.025168612630026885
0.025229488946880405
0.025227070532644908
0.025157474319862462
0.025016955266572192
0.024801944861979463
0.024509089332677463
0.02413528658897384
0.023677720868406575
