0.9999999999390256
2.796440888673936e-12
1.613349433094032e-12
1.3771734192150205e-12
1.2344582291837593e-12
1.1934849894528138e-12
1.21783797273295e-12
1.202471126414851e-12
1.1392610013466649e-12
1.177102064434045e-12
1.1482702199565147e-12
1.1931474010835538e-12
1.0906252504295881e-12
1.1265236451465065e-12
1.1785244309581947e-12
1.0674780321023956e-12
1.0746023076371389e-12
1.0473385532320037e-12
1.07594872410504e-12
9.896952913234988e-13
1.0344710250085112e-12
1.085755901961312e-12
9.528784147361594e-13
1.0544716955076389e-12
9.8265814159771e-13
1.0182984419874683e-12
8.747912740329419e-13
8.659617348281273e-13
9.306704983492314e-13
9.921842535932923e-13
8.735528847590018e-13
9.10882507658764e-13
8.794004478611395e-13
8.883781975029328e-13
8.520091235178842e-13
7.932907125250341e-13
7.93800694121917e-13
8.987323418026966e-13
8.116073324472214e-13
7.838419312494044e-13
8.247252029523408e-13
8.217254323815079e-13
6.471803887068972e-13
7.296585888662624e-13
7.079364492627166e-13
7.76161781872696e-13
7.396605029852399e-13
7.121025367680736e-13
5.260625783728642e-13
5.282680082220256e-13
6.056557639850906e-13
5.664963635720107e-13
5.775367570249809e-13
7.035935825931358e-13
5.37262169974205e-13
5.432463018924943e-13
6.012357224496195e-13
6.244463225581892e-13
5.109028976789387e-13
5.55348898378244e-13
5.74719688072739e-13
4.927984561219068e-13
5.221484052422842e-13
4.462892728984702e-13
4.589253781682456e-13
4.78036989333408e-13
5.50296299414027e-13
4.4441333208952716e-13
4.210585330920169e-13
4.019731596194287e-13
3.740912744507052e-13
4.341291323824159e-13
4.171076732704254e-13
3.8673252968079996e-13
2.823115818808425e-13
4.3867841759311077e-13
3.3495523520631065e-13
3.6080228973771333e-13
2.7943072118327694e-13
4.0749040697719147e-13
3.3665572499869123e-13
4.076448329419372e-13
2.466321655095801e-13
3.242649289407701e-13
3.4290856795510163e-13
3.001394879329031e-13
3.090381975422564e-13
2.889095797518307e-13
3.0569651492248426e-13
2.0805878314699225e-13
3.548825153827564e-13
2.4375765755911896e-13
2.8055055633778754e-13
4.130138037941513e-13
2.0826156283456493e-13
2.408294206147476e-13
2.5873972560840064e-13
2.435312998624265e-13
2.2755815074881457e-13
