0.0023556775031516415
0.00015721562451535495
0.0001319386576596623
0.00013117694370142798
0.000137649656663614
0.00014791793202819438
0.00016098135873536247
0.00017660309224308167
0.00019480578305687156
0.00021556478497919955
0.00023876806352704944
0.0002643640799822567
0.0002924140007431751
0.0003230703915550295
0.0003565790203626817
0.0003933380857503306
0.0004339230097384556
0.000478890086981686
0.000528619101806442
0.0005834311370945974
0.0006436956646498017
0.0007098423635093573
0.0007823485331837777
0.0008617300206780331
0.0009485367652832026
0.0010433505781676541
0.0011467836782605772
0.0012594770212981878
0.0013820974560474104
0.0015153329374416528
0.0016598859017449318
0.0018164666713703734
0.0019857901990907884
0.00216857795439202
0.0023655623985094996
0.0025774891902146805
0.0028051146607224837
0.0030491995155464816
0.0033105007472271006
0.0035897629883955154
0.0038877096444511097
0.004205033671422755
0.004542387787322959
0.0049003739313454205
0.005279531869438917
0.005680326917287771
0.0061031368393910275
0.0065482380701202495
0.007015791514319223
0.007505828283420217
0.00801823575414214
0.008552744230111296
0.009108914202605895
0.00968612381478372
0.010283555829544558
0.010900183378459823
0.011534754038518325
0.012185772245889265
0.012851480557109508
0.013529840730222998
0.014218516033275034
0.014914856731493021
0.015615891587377757
0.01631832991080336
0.01701858095554026
0.01771279811906593
0.018396949284545522
0.019066897805232533
0.019718460033208852
0.02034740757001456
0.020949412290828508
0.021519961280493077
0.022054272065579972
0.022547226186145124
0.02299333320189969
0.02338674133685238
0.023721308516868357
0.023990729061679452
0.024188716095878703
0.0243093337028782
0.024347779555645915
0.024302145334398312
0.024176193619906843
0.023980249346596656
0.023726036936871014
0.023420537756269105
0.023065368834814186
0.022658681666330567
0.022196229950033335
0.021671026961509306
0.02107248029015571
0.020388903042936172
0.019615563381677796
0.018755897885604382
0.017813197926765487
0.016787020948747292
0.01567589084227245
0.014483607734854777
0.013229029353549714
