1.0000000000099913
-1.7559548057271982e-13
-7.697108162158569e-14
-2.772540006688298e-14
-1.5211255852457493e-13
-4.793618810000535e-14
-9.015033321626079e-14
7.918298703762884e-14
1.1209267512807134e-13
-1.2539617629171327e-14
2.4531479380144033e-14
-9.322329251593413e-14
-7.455450170526685e-15
8.41785544264742e-14
3.4293077546491274e-15
-4.028383665055993e-15
-2.5190715805629635e-14
9.256426191945472e-14
3.0450848006319253e-14
4.896690691813532e-15
1.4162770348852272e-14
-1.049336263497444e-13
-4.836848152903195e-14
8.48157807008254e-15
2.927511206542166e-14
-1.417133148025676e-13
2.786380609749728e-14
5.1509062857016397e-14
-1.1068823266811856e-13
-3.1841120452097416e-15
-3.624399771192527e-14
-5.731346116016195e-14
1.0309696076449965e-13
1.0986220613795616e-15
-5.704867188458668e-14
7.48252235996047e-14
4.457218827965542e-14
2.444360902922882e-15
-1.0315313598956155e-13
4.8855125674152067e-14
-6.10216087729154e-15
-2.3431316565833415e-14
-4.5213331234354726e-14
-9.108883894555497e-15
8.380462664971111e-15
5.751138226674918e-14
7.313350229229409e-16
1.628628601337695e-13
2.1622989314872e-14
6.116376123025541e-14
-6.056637938574305e-15
3.013404413151899e-14
2.034905176220153e-15
-2.8001167736487614e-14
-1.6121381573447335e-14
3.771746912191454e-14
-3.927362450008298e-14
1.6084356069256955e-14
3.1915144355423863e-14
-4.9138644542257026e-14
-2.942687326451532e-15
4.096939801301325e-14
2.733479675248729e-14
-1.6570241272856334e-14
-7.253160745623877e-14
4.2051106520502035e-14
8.26790892693996e-15
2.874892164606013e-14
-2.6213406445485532e-14
-4.6878787744036865e-14
-7.666252615362579e-14
5.023433925777088e-14
3.826501832407403e-15
-3.166604890629532e-14
8.424776718266025e-14
6.857668187650046e-14
3.9139373166074964e-14
-1.0145936825065038e-14
-1.0228113928728577e-13
-8.669444556772682e-14
5.2909479369370876e-14
1.5369155329913314e-14
-1.0397258954405325e-13
2.8269860139883835e-15
2.2692717388354822e-14
7.54446486295364e-14
-5.20244637706958e-14
1.495735671007848e-14
3.867458162396106e-14
7.221356521926962e-15
-3.3900043882811675e-14
-1.0830484289080494e-14
4.277129713093795e-14
1.945461885121888e-14
3.94555993644052e-14
4.543884020403403e-14
-2.0941124404200498e-14
-9.189189733031962e-14
8.09657110236936e-14
