2.587556909461764e-10
3.499615013470396e-10
4.729899463090138e-10
6.38345638989072e-10
8.600825695094863e-10
1.1568580590552192e-09
1.5536793340049058e-09
2.0832852450514833e-09
2.789846905847538e-09
3.73172113278834e-09
4.986544151284588e-09
6.656687405503028e-09
8.87767175083206e-09
1.182756607730857e-08
1.57410220559648e-08
2.0926311815111162e-08
2.778774728796462e-08
3.685426962235115e-08
4.8818081425136117e-08
6.458258163614928e-08
8.532467258684008e-08
1.1257560553068892e-07
1.4832347966650065e-07
1.9514585608497556e-07
2.5637667103894273e-07
3.363231932683767e-07
4.40535856811305e-07
5.761560560196854e-07
7.523522072475205e-07
9.808716557530093e-07
1.2767340203503127e-06
1.6591019140748276e-06
2.152370044205214e-06
2.78752226016968e-06
3.6038212531771705e-06
4.650902138802305e-06
5.991357828277592e-06
7.703923759699421e-06
9.887384579737937e-06
1.2665347348880563e-05
1.6192054076736304e-05
2.065942609589833e-05
2.6305571185879532e-05
3.3424998921505e-05
4.23808406178172e-05
5.361938151711364e-05
6.768725309135945e-05
8.525164954615547e-05
0.00010712395184293928
0.00013428714201137805
0.00016792737670291594
0.00020947005138480842
0.0002606206211869046
0.000323410322510468
0.0004002467972882913
0.0004939693902179161
0.0006079085897370385
0.000745948719404376
0.0009125924833831311
0.0011130253990227022
0.0013531774224407771
0.001639778251318831
0.0019804018233414173
0.002383494476073028
0.0028583800736966553
0.0034152342199676275
0.004065018498511567
0.00481936460815854
0.005690397399805203
0.006690485328488639
0.007831906871685744
0.009126422257044329
0.010584741650376876
0.01221588402950917
0.014026425620871405
0.01601964325020433
0.01819456639114897
0.020544962009979278
0.02305828817110578
0.025714665150436366
0.02848592617369714
0.03133482459296001
0.03421449353453954
0.03706828430648459
0.03983015900777729
0.04242588268286763
0.0447753276800459
0.046796185786987646
0.04840910551109549
0.0495435167132431
0.05014226561540754
0.050162650612726276
0.04957308546478341
0.04834826045230185
0.04646819577430808
0.04392509748118246
0.04073699887638827
0.03696210890551779
0.03270581789938158
