0.008960737195052379
0.00901056865750957
0.00905971492496497
0.009108170672909867
0.009155930522515551
0.009202989043509774
0.009249340756720714
0.009294980135887072
0.009339901610690263
0.009384099568482046
0.009427568357095467
0.009470302287309044
0.009512295634240575
0.009553542640389732
0.009594037517971684
0.009633774450578914
0.009672747595811758
0.009710951087479377
0.009748379037721728
0.009785025539247932
0.009820884667684014
0.00985595048343339
0.009890217034150914
0.009923678356674723
0.009956328479737802
0.009988161425480447
0.010019171211778704
0.010049351854869654
0.01007869737073593
0.01010720177802495
0.010134859099649137
0.010161663365425823
0.010187608613588093
0.010212688893235069
0.01023689826702576
0.010260230812349056
0.010282680624077127
0.010304241816632496
0.010324908525783215
0.010344674911357722
0.010363535158838368
0.010381483481683778
0.010398514123499012
0.010414621360345232
0.010429799502196569
0.010444042895921112
0.01045734592664941
0.010469703020395075
0.010481108645766263
0.010491557316603737
0.010501043593284359
0.010509562085599415
0.010517107454267916
0.010523674413335096
0.010529257732083502
0.010533852237107575
0.010537452814436283
0.010540054411684825
0.01054165203943752
0.010542240774329388
0.010541815759989585
0.010540372209936139
0.010537905408748053
0.0105344107148073
0.01052988356138636
0.01052431945951424
0.010517713999198553
0.010510062851578392
0.010501361770969126
0.010491606596224256
0.010480793253080491
0.010468917755979242
0.010455976209334182
0.010441964809750208
0.01042687984769323
0.010410717709329212
0.010393474877617586
0.010375147935032577
0.010355733563908035
0.010335228549421559
0.01031362977972462
0.010290934248718804
0.010267139056832427
0.01024224141273512
0.010216238634614388
0.010189128151806826
0.010160907505954834
0.010131574352107394
0.010101126460729368
0.010069561717953906
0.0100368781272157
0.010003073810514865
0.009968147009378436
0.009932096085483701
0.009894919522395853
0.009856615925780226
0.009817184024371515
0.009776622671334277
0.009734930844235655
