0.9999997896081001
6.8214050835023265e-09
4.984813156071139e-09
4.369438396907574e-09
4.063018645205312e-09
3.880043330377369e-09
3.757108239013765e-09
3.6672405841192403e-09
3.596802885219203e-09
3.5382224963613067e-09
3.487389553615591e-09
3.4415302158107876e-09
3.398637022494518e-09
3.357948760135777e-09
3.318573596997256e-09
3.279771285550083e-09
3.2415758310282237e-09
3.2033694330083984e-09
3.1652092452166e-09
3.1270615203016694e-09
3.0887224510234247e-09
3.050267022091605e-09
3.0117271511442313e-09
2.9730653357230245e-09
2.934330321801605e-09
2.895514950596316e-09
2.8566352235624183e-09
2.8175839745386583e-09
2.7785497214952593e-09
2.7394175801067526e-09
2.7003712670760132e-09
2.66128734414256e-09
2.6223586402677416e-09
2.583356243930201e-09
2.5445394905026673e-09
2.5060429404116357e-09
2.467422017776006e-09
2.4293033017879547e-09
2.391336872864156e-09
2.353698128448032e-09
2.316508041419192e-09
2.2795778193145273e-09
2.243106649182187e-09
2.2066499153237462e-09
2.1705836477433228e-09
2.134789247069599e-09
2.099203963678827e-09
2.0639281007799417e-09
2.0289808622768186e-09
1.9940611730391903e-09
1.9597281750264066e-09
1.9255649153892673e-09
1.891633360476437e-09
1.8582002334549064e-09
1.8250336443644249e-09
1.7920381184836562e-09
1.7595129869697919e-09
1.7273229458640398e-09
1.6954257689341234e-09
1.6638006807251186e-09
1.6326315241681384e-09
1.601591452017083e-09
1.571014235964962e-09
1.540851420577232e-09
1.5111260817418821e-09
1.4817058263390075e-09
1.4525337117452485e-09
1.423845118902773e-09
1.3955939751281524e-09
1.3677042780659357e-09
1.3403340644942315e-09
1.3131715532674337e-09
1.286487709114062e-09
1.2602936955217851e-09
1.234306669188872e-09
1.2090491538171468e-09
1.1840204354072667e-09
1.1598096732957832e-09
1.136160055712496e-09
1.1134233416574798e-09
1.0912218860990603e-09
1.0698110960458583e-09
1.049039893758442e-09
1.0284803956554905e-09
1.0085585328654533e-09
9.88867266825573e-10
9.694515432089078e-10
9.500996082780833e-10
9.310764148131386e-10
9.120523234085664e-10
8.933497552787142e-10
8.745579631664523e-10
8.558220665457744e-10
8.37246662637966e-10
8.187206203264771e-10
8.000438374839257e-10
7.815807878610769e-10
7.631678185522736e-10
7.4477369947255e-10
