0.00019001413108078142
0.0002050652308758127
0.00022113652047051896
0.00023829479832465425
0.00025661102281617117
0.0002761605509810386
0.00029702338804528047
0.0003192844492392687
0.0003430338333582483
0.0003683671090603037
0.0003953856135963555
0.00042419676420675864
0.00045491438271098926
0.00048765903341856163
0.0005225583737182937
0.0005597475174435849
0.0005993694125494467
0.0006415752301153155
0.0006865247669720069
0.0007343868590525279
0.0007853398080206878
0.0008395718164364535
0.0008972814352416579
0.0009586780177918351
0.0010239821826937324
0.0010934262818346225
0.0011672548725944084
0.0012457251919347889
0.0013291076296440617
0.0014176861982868624
0.0015117589956831876
0.001611638656649064
0.0017176527904659575
0.001830144397496059
0.0019494722600807396
0.002076011302393678
0.0022101529100775896
0.0023523052052573236
0.0025028932625260564
0.002662359263109821
0.002831162569759262
0.0030097797140637593
0.0031987042818497143
0.003398446681022023
0.0036095337753978035
0.003832508367779462
0.004067928510177071
0.004316366620754778
0.004578408382975271
0.004854651400323543
0.005145703578499694
0.005452181202580239
0.005774706677343373
0.006113905890384462
0.006470405163272609
0.006844827741339874
0.0072377897814686065
0.007649895784430248
0.008081733420857698
0.008533867693247625
0.009006834373626841
0.00950113265462331
0.010017216946881728
0.01055548775268162
0.01111628154453237
0.011699859575202401
0.012306395541116268
0.012935962027163399
0.013588515653787712
0.014263880854711922
0.014961732217531016
0.015681575318264328
0.016422725999218395
0.01718428804304686
0.01796512921094913
0.018763855636766188
0.01957878458267081
0.02040791559870904
0.021248900153871587
0.022099009853008847
0.02295510339134253
0.023813592464838072
0.02467040689613573
0.025520959326650317
0.026360109882299622
0.02718213131247996
0.02798067519375191
0.028748739867839268
0.029478640908640903
0.030161984972001028
0.030789648007911504
0.031351758879774816
0.03183768950993136
0.032236052714944556
0.03253470892175567
0.032720782922833425
0.03278069176279349
0.03270018471640279
0.032464396106125726
