0.41853954034537444
0.023533559882136207
0.016908502715367778
0.014446966629787228
0.013084058156793399
0.012183518830383934
0.011526922925822459
0.011017631085909332
0.01060553656390161
0.010261639294295594
0.009967741331698837
0.009711697440048779
0.009485003629237012
0.00928147601689047
0.009096480933928572
0.008926462589359665
0.008768640324129634
0.008620807069320877
0.008481190641819337
0.00834835542937001
0.008221130846380686
0.008098558034721174
0.007979849314658288
0.007864356754292787
0.00775154740589386
0.007640983511025969
0.007532306480489475
0.007425223792031241
0.0073194981783858085
0.007214938637343321
0.007111392914239876
0.007008741184209248
0.00690689072194747
0.006805771393950547
0.0067053318375580465
0.006605536218708599
0.00650636147878485
0.006407794998745104
0.006309832614691208
0.006212476938221892
0.0061157359341489975
0.006019621719884653
0.0059241495541007445
0.005829336989107359
0.005735203161104869
0.005641768200387842
0.005549052744204544
0.005457077535371037
0.005365863097164002
0.00527542947037915
0.0051857960050523365
0.005096981198427334
0.005009002570776163
0.004921876575351905
0.004835618534783434
0.004750242601809943
0.004665761739008787
0.004582187714136807
0.004499531109805899
0.004417801343838318
0.004337006698413163
0.004257154356743018
0.00417825044582145
0.0041003000838460086
0.004023307431233342
0.003947275744164695
0.0038722074314888667
0.0037981041124229673
0.0037249666758086613
0.0036527953399738793
0.003581589713871012
0.003511348858084821
0.0034420713460898535
0.0033737553259931326
0.0033063985807656685
0.0032399985897386472
0.0031745525882408416
0.00311005762572969
0.0030465106239366433
0.002983908430887823
0.0029222478741324875
0.0028615258093352917
0.0028017391645987696
0.002742884980578446
0.002684960443482509
0.0026279629119163234
0.002571889934857882
0.002516739261933083
0.002462508842940569
0.0024091968174892175
0.0023568014947581055
0.002305321322121536
0.002254754841968415
0.002205100640675624
0.0021563572869869175
0.002108523263133657
0.002061596889299789
0.0020155762440195865
0.0019704590823268397
