0.01416670066606557
0.013810143169935599
0.013527535387860385
0.013301163922788056
0.013118519684307764
0.012970420582778776
0.012849907452479064
0.012751563740951244
0.0126710795634202
0.012604962829217064
0.012550342136856515
0.012504828729062887
0.012466417472784387
0.012433414221935758
0.012404381374135213
0.012378096202199365
0.012353518302855594
0.012329763654995017
0.012306083546456948
0.012281847143133762
0.012256526832136523
0.012229685713664916
0.012200966791813088
0.012170083529492623
0.01213681152687042
0.012100981133106113
0.012062470853323709
0.01202120143634627
0.01197713055558563
0.011930248008186997
0.011880571372577703
0.01182814207134642
0.011773021793455355
0.011715289238194464
0.011655037146872564
0.011592369590143517
0.011527399490932424
0.011460246356663916
0.011391034205302138
0.011319889671479823
0.011246940278213538
0.011172312869403215
0.01109613219123872
0.01101851962076771
0.010939592036328789
0.010859460825086886
0.010778231026608185
0.010696000608574943
0.010612859869196306
0.010528890965768782
0.010444167559942576
0.010358754578227
0.010272708076542058
0.010186075205091731
0.01009889426315709
0.010011194834741456
0.009922997998933524
0.009834316603005107
0.009745155591799155
0.009655512384221616
0.009565377289391781
0.009474733956036777
0.009383559848266575
0.009291826743006638
0.009199501243828359
0.00910654530770147
0.009012916781882822
0.008918569947184658
0.008823456066667238
0.008727523938174187
0.008630720447751985
0.008532991126362483
0.00843428070508934
0.00833453367192483
0.008233694828758999
0.008131709847922792
0.008028525829377882
0.007924091858728596
0.007818359564615655
0.0077112836772482325
0.0076028225867965475
0.007492938898165846
0.007381599984060541
0.007268778528158359
0.007154453058176752
0.007038608459028279
0.0069212364603122795
0.006802336087715264
0.006681914069461093
0.006559985181960174
0.0064365725263758845
0.006311707720094506
0.0061854309898882135
0.0060577911583417675
0.005928845510174664
0.0057986595325772525
0.005667306526784474
0.005534867088464688
0.005401428464364146
