6.788172817937237e-08
5.4067608471158966e-08
5.9054946089135644e-08
6.994104929128287e-08
8.568277317240166e-08
1.068397404444866e-07
1.344368496388154e-07
1.6973474954631168e-07
2.143569488938452e-07
2.704978769795755e-07
3.411527230491075e-07
4.3017312440423805e-07
5.422273134188704e-07
6.830007857547824e-07
8.595310347766171e-07
1.0805382273342662e-06
1.3567971588006583e-06
1.7015736815831437e-06
2.1311518153997668e-06
2.665466985844094e-06
3.3288658965236785e-06
4.151028132377919e-06
5.168071865657253e-06
6.423873309482919e-06
7.971617856292559e-06
9.875631224825403e-06
1.2213525654380388e-05
1.5078717298615653e-05
1.858336441221039e-05
2.2861788149126363e-05
2.80744378046608e-05
3.441246604969682e-05
4.210298836729672e-05
5.141509924625685e-05
6.266672125310359e-05
7.623235738640581e-05
9.255182905709843e-05
0.00011214005148141916
0.00013559791135727366
0.00016362428218248437
0.00019702919371002045
0.00023674814834549843
0.0002838575315311217
0.0003395910291632925
0.00040535689589845807
0.0004827558567460553
0.000573599345953151
0.0006799276817324969
0.0008040276862751654
0.0009484491211118746
0.0011160191860663414
0.0013098541794763503
0.0015333672672271923
0.001790271136928573
0.00208457416242166
0.002420568547265303
0.0028028087873726163
0.003236078692712423
0.0037253451579670545
0.004275696833088156
0.0048922658773356605
0.005580131011943943
0.006344200221823843
0.007189071717667455
0.008118872340884688
0.009137073520818396
0.010246286274673796
0.011448038273947563
0.012742537219464828
0.014128424840866677
0.015602524573810972
0.01715958422273478
0.018792015285920796
0.020489635966503272
0.022239436909706284
0.0240254066034915
0.02582847215323783
0.027626616199541862
0.029395192119783836
0.031107353242975554
0.03273438926438617
0.03424577403558289
0.03560894778579521
0.036789139882257314
0.037749726829369064
0.03845376700991745
0.03886771106658017
0.03896896195363496
0.03875741783626657
0.038259960575920335
0.037510471228764754
0.03652306366804492
0.035284528194573866
0.03375763011159582
0.03189603489777404
0.029679935112002467
0.027129756416111667
0.024288851250439607
0.02123736912779165
