0.008445383749805637
0.008502932087105832
0.008559945606461256
0.008616416948974416
0.00867233868270574
0.00872770330406448
0.00878250323853319
0.00883673084228214
0.008890378403176177
0.008943438142031518
0.008995902214120725
0.009047762709916142
0.009099011656888699
0.009149641020456121
0.009199642705165212
0.009249008556483841
0.0092977303617652
0.009345799851476683
0.00939320870099361
0.009439948531364442
0.009486010911217039
0.009531387358120773
0.009576069339504478
0.009620048274819382
0.009663315536159695
0.009705862450626051
0.009747680301173772
0.009788760328516175
0.009829093732300627
0.009868671672985717
0.009907485273261046
0.009945525619689078
0.009982783764188954
0.01001925072616298
0.01005491749329828
0.01008977502428328
0.010123814249523489
0.010157026073596824
0.01018940137683554
0.01022093101675792
0.010251605830386874
0.010281416635447887
0.010310354233189201
0.01033840940903175
0.010365572935260593
0.010391835572936907
0.010417188073464645
0.010441621180703355
0.010465125633082075
0.010487692165398991
0.010509311510964695
0.01052997440368761
0.010549671579849084
0.01056839378069296
0.010586131754196459
0.010602876256957982
0.010618618057154144
0.010633347935832198
0.010647056689594628
0.010659735132565597
0.01067137409899418
0.01068196444505618
0.010691497051255576
0.010699962824823297
0.010707352701932361
0.010713657650125533
0.010718868670127652
0.010722976799029279
0.010725973111922091
0.010727848724496315
0.01072859479567489
0.01072820252942951
0.010726663177745677
0.01072396804263747
0.010720108478761706
0.010715075895772955
0.01070886176066836
0.010701457600377329
0.010692855004049257
0.010683045625487494
0.010672021185639683
0.010659773474885158
0.010646294355794362
0.010631575765106097
0.010615609716683247
0.010598388303080719
0.010579903699107862
0.010560148163018432
0.01053911403970111
0.01051679376294984
0.010493179857226998
0.010468264941017928
0.010442041727834396
0.01041450303009082
0.010385641759701764
0.010355450931746023
0.010323923665751925
0.010291053188521394
0.010256832835621121
