1.5261614671677193e-13
1.7858213822649627e-13
4.776813168107241e-14
-4.7131894741203606e-15
-1.1111711594249951e-13
4.1142843255556616e-14
5.833007687972014e-16
3.990481989984973e-14
8.130578458762083e-14
-2.5075183899755937e-14
-7.475893818928436e-14
-1.231247092128851e-14
1.0528280721192051e-14
-1.2752732897469699e-13
-7.042451474412181e-14
6.736175202706751e-14
5.241569981870309e-14
-3.109288542781086e-14
7.94178091345632e-16
5.828990718922955e-14
5.486122623896139e-14
-1.626764044651563e-15
9.163508710510748e-14
-2.1352955211287328e-14
-5.00360928905319e-14
7.507089025936275e-14
3.728357141248584e-14
-5.87960398684001e-14
9.78220596973417e-14
-4.8856860397628044e-14
1.1682563011601588e-13
9.11827037486379e-14
6.938847825314898e-14
1.9754307239473745e-13
3.9889505544163373e-13
7.671989400107743e-13
1.4377304685328496e-12
2.456500877278528e-12
4.331675019760353e-12
7.696154179443263e-12
1.3586283492553544e-11
2.3953290306105712e-11
4.1951675694516105e-11
7.362652306407147e-11
1.2877805749935203e-10
2.2471377764208406e-10
3.9060618026729235e-10
6.770115805855917e-10
1.1697570362974481e-09
2.01475225950409e-09
3.4591608146688005e-09
5.919157504744553e-09
1.0093851680138604e-08
1.7151804508711574e-08
2.9038941593597907e-08
4.8979440296225037e-08
8.229276202953418e-08
1.377098798827298e-07
2.2949196856899244e-07
3.8080822376045315e-07
6.290968447096167e-07
1.0345037258688143e-06
1.693079443636198e-06
2.7572482739778882e-06
4.467305875574133e-06
7.199450753352256e-06
1.1538351973696157e-05
1.8385669736526133e-05
2.9120579141553662e-05
4.583438575814249e-05
7.166897918658679e-05
0.00011129806968394347
0.00017160048484487394
0.00026258514613413547
0.00039863548642223186
0.0006001430902025363
0.0008955900835381775
0.0013241080637730036
0.0019384755723361878
0.002808400456405325
0.004023750285475686
0.005697127495171352
0.007964829093439894
0.010984797120470124
0.01492970679003371
0.019972965687046
0.02626530448706184
0.03390012019402767
0.04286716567405981
0.052996994277164984
0.06390328157386124
0.07493759946681638
0.08518224473355218
0.09351652166271313
0.09877234465088941
0.09990774348707052
0.09609188323607933
0.08684989281852759
0.0725296124415426
