0.007257992054403745
0.007327534837563449
0.007396992274351895
0.007466356407492812
0.00753561913671587
0.007604772216959079
0.0076738072562237795
0.007742715713651619
0.007811488898301772
0.007880117966304386
0.007948593919690862
0.008016907604256081
0.00808504970736027
0.00815301075622733
0.008220781115833903
0.008288350987146547
0.008355710404604633
0.008422849234384874
0.00848975717274886
0.008556423742880553
0.008622838293925045
0.008688989998191269
0.00875486784919264
0.008820460659669797
0.008885757059009302
0.008950745491489824
0.009015414213983476
0.009079751293251656
0.009143744604372443
0.009207381828237028
0.009270650448958475
0.009333537751977048
0.009396030821585332
0.009458116538600958
0.009519781577861389
0.009581012406264773
0.00964179527979056
0.009702116241620689
0.009761961119524971
0.009821315523185962
0.009880164842088634
0.009938494242911405
0.009996288666830022
0.010053532827524449
0.010110211207840655
0.010166308058123977
0.010221807392980863
0.010276692989068264
0.010330948382305635
0.010384556865376494
0.010437501484922567
0.010489765039195239
0.010541330075236045
0.010592178885796517
0.010642293507547555
0.010691655717422878
0.010740247030559015
0.010788048697095395
0.010835041699885122
0.010881206751198809
0.010926524290294039
0.010970974480562428
0.011014537206737425
0.011057192071825999
0.011098918394666155
0.011139695206554522
0.01117950124901386
0.011218314970375468
0.011256114523248598
0.011292877761335534
0.011328582236723197
0.011363205196898112
0.011396723581911395
0.011429114020912151
0.011460352830325983
0.011490416009560677
0.01151927923895607
0.011546917876388422
0.011573306954426125
0.011598421177564908
0.011622234918424136
0.011644722215973314
0.011665856771316936
0.011685611945407104
0.011703960755724958
0.01172087587359159
0.0117363296204756
0.011750293965692313
0.011762740522925313
0.011773640547353985
0.011782964932399472
0.011790684207141506
0.011796768532737445
0.01180118769967406
0.011803911124935559
0.011804907848196291
0.011804146529779675
0.011801595446842969
0.011797222491103015
