2.820478853187683e-06
3.29027264099461e-06
3.831758307493551e-06
4.455419697418743e-06
5.173215887358906e-06
5.998796079466568e-06
6.94774695309718e-06
8.037873282663378e-06
9.28951327792255e-06
1.0725895009182872e-05
1.2373532684771657e-05
1.4262670861895407e-05
1.6427779945104063e-05
1.8908108309114325e-05
2.174830075714595e-05
2.4999086902580722e-05
2.8718051464715416e-05
3.297049274585123e-05
3.783038044349987e-05
4.338142000663586e-05
4.97182375723751e-05
5.6947692633462475e-05
6.519033211631326e-05
7.458199678611903e-05
8.52755925209816e-05
9.744303903315448e-05
0.00011127740829201116
0.00012699526597354248
0.00014483922807777706
0.00016508074535918763
0.00018802312485534828
0.00021400480064606936
0.00024340285981952492
0.0002766368308878113
0.0003141727346209293
0.000356527398709129
0.0004042730285969439
0.00045804202100138523
0.0005185320023540459
0.00058651106415472
0.0006628231559090962
0.0007483935873081444
0.0008442345741661331
0.0009514507514667594
0.001071244554171981
0.0012049213482546693
0.0013538941724549303
0.001519687924334304
0.001703942796091964
0.0019084167338542916
0.002134986665433653
0.002385648197083022
0.0026625134515498397
0.0029678066726043636
0.0033038571856489575
0.0036730892601697135
0.004078008383173411
0.004521183415121734
0.0050052240658306916
0.005532753107373964
0.006106372718690548
0.006728624360794636
0.007401941589293824
0.008128595254546286
0.00891063059457052
0.009749795835016027
0.010647462036552681
0.01160453413431902
0.012621353351700539
0.013697591501977567
0.014832138088160703
0.01602298161261605
0.017267087109994587
0.018560272625743238
0.01989708819020415
0.02127070175027662
0.02267279750869159
0.02409349310667633
0.025521282979788677
0.02694301588686577
0.028343914858375365
0.029707647460419692
0.03101645312410462
0.03225133223772945
0.033392298869857916
0.034418695622831355
0.03530956587745582
0.03604407620358739
0.03660198062246703
0.03696411879432514
0.037112941311009444
0.03703305561346514
0.03671178360128413
0.0361397151210897
0.03531122994170643
0.03422494615936098
0.03288403899628693
0.03129636559428396
0.029474333552525232
