0.9999999995018581
1.6650433520614682e-11
1.2158804850552078e-11
1.0726891439653287e-11
9.876319963980954e-12
9.42028687806693e-12
9.125620798454572e-12
8.959214680494309e-12
8.707332710656765e-12
8.515320548896504e-12
8.408914755991026e-12
8.273216754507118e-12
8.253724525698975e-12
8.073495402422036e-12
7.992553992773599e-12
7.898942970926059e-12
7.748317382128521e-12
7.67168857466246e-12
7.69273200370603e-12
7.558672858085612e-12
7.413497672193771e-12
7.313202960693068e-12
7.180795678397595e-12
7.065663395892149e-12
6.960781729931521e-12
6.969698757475391e-12
6.819947703090839e-12
6.7406039110833385e-12
6.567576753838339e-12
6.589107934946124e-12
6.436975857394313e-12
6.325476302687996e-12
6.2799952548322005e-12
6.26794303308989e-12
5.99396949446402e-12
6.042477445050015e-12
5.900796371709552e-12
5.8151684964764805e-12
5.6325991776556145e-12
5.6030355593920944e-12
5.543575445693047e-12
5.435003494350457e-12
5.312524644371722e-12
5.302941110318579e-12
5.156161711787274e-12
5.103742325681185e-12
4.921641084043235e-12
4.9333214650979645e-12
4.761567740573999e-12
4.658849667811202e-12
4.7562676724639125e-12
4.5673504041332524e-12
4.445354078331382e-12
4.435757696482495e-12
4.421671958697998e-12
4.292752785184373e-12
4.039813514093715e-12
4.0267689898655645e-12
3.92879712053304e-12
3.945221157142936e-12
3.859674813913236e-12
3.767898265529673e-12
3.69180386131443e-12
3.657285439122651e-12
3.5133108716115663e-12
3.582909739296286e-12
3.4051467158111026e-12
3.372180518764617e-12
3.3262101840209057e-12
3.2185321573695302e-12
3.1747643793392233e-12
3.1785194593535182e-12
2.960509306237577e-12
2.949611963096871e-12
2.8392107458488636e-12
2.868725412384296e-12
2.668690613004225e-12
2.740561832917203e-12
2.609067204905474e-12
2.5204996103493985e-12
2.60634007052344e-12
2.4335125792728993e-12
2.411301328964291e-12
2.3292488814455337e-12
2.3596448959269795e-12
2.362007345355771e-12
2.2117527807060527e-12
2.2225766962546273e-12
2.173043781592346e-12
2.1569319274454893e-12
2.006095715435287e-12
1.973326260425526e-12
1.9871754117434595e-12
1.9605156257110345e-12
1.893779024656622e-12
1.8125294423991176e-12
1.7103043157065678e-12
1.7151568116073254e-12
1.6571862290629472e-12
