0.007490662428567414
0.007593683980102311
0.007697386552528995
0.007801637906771107
0.007906309249818508
0.0080112748573934
0.008116411769720201
0.00822159954891319
0.008326720085885244
0.008431657452409052
0.00853629778749138
0.008640529213218524
0.00874424177593379
0.008847327405487819
0.008949679890873079
0.009051194866733791
0.009151769810318438
0.009251304042740657
0.00934969873646684
0.009446856923729291
0.009542683506419663
0.009637085265813576
0.009729970869927468
0.009821250880161392
0.009910837754655531
0.009998645848489921
0.010084591411391071
0.010168592581635235
0.010250569377089838
0.010330443683496946
0.010408139239474375
0.010483581619440942
0.010556698214620127
0.010627418211892874
0.010695672571492178
0.010761394004817623
0.010824516949610199
0.010884977547474339
0.010942713620756193
0.01099766464981922
0.011049771752093183
0.011098977662678622
0.011145226716297847
0.0111884648314955
0.011228639497073437
0.011265699761337025
0.011299596223798142
0.011330281029442241
0.01135770786653864
0.01138183196687874
0.011402610109937499
0.011420000629137264
0.011433963422642947
0.011444459965882215
0.011451453329113266
0.011454908196463054
0.011454790889756124
0.01145106939476327
0.011443713390861246
0.011432694284088704
0.011417985243283506
0.011399561239435129
0.01137739908840676
0.011351477496162835
0.011321777106980114
0.011288280555796911
0.011250972520989243
0.011209839782035599
0.011164871277698918
0.011116058168099926
0.01106339389590202
0.01100687425257618
0.010946497442618273
0.010882264149965407
0.010814177603997046
0.010742243645871776
0.010666470792876451
0.010586870301846641
0.010503456229105727
0.010416245489201685
0.010325257906762184
0.010230516266156587
0.010132046353788445
0.010029876993535964
0.009924040075516082
0.009814570575392305
0.009701506563934616
0.00958488920650945
0.009464762750394913
0.009341174500497797
0.009214174780693564
0.009083816882542586
0.008950156997352026
0.008813254134992388
0.0086731700251256
0.008529969002844556
0.008383717877700807
0.008234485785672674
0.008082344024097953
