0.1156753274711778
0.001044861172731153
0.0008359816622197866
0.000798072547496579
0.0008053170481546472
0.0008324210201981327
0.0008710711166590778
0.0009179143049469205
0.0009716096909177875
0.0010318539477056335
0.0010986565466424118
0.0011715341910975186
0.001249557062594968
0.0013320005201766594
0.001418531141235839
0.0015090748416959586
0.0016037126509491372
0.0017026869966481248
0.001806543631294153
0.0019163689590567033
0.002033663620856271
0.0021594243773554256
0.0022937447289686852
0.0024364672728650455
0.002587594485382611
0.002747283339120632
0.0029157663929933442
0.0030933034703307595
0.003280158837293777
0.0034765899739645544
0.0036828406038180218
0.003899135340758614
0.004125675338116023
0.004362634395928808
0.004610154522071202
0.004868339849271242
0.005137247913873262
0.005416877657154402
0.005707155198665784
0.006007922336745514
0.0063189360548741675
0.006639883079811861
0.0069704014717006345
0.00731009512888493
0.007658534740997015
0.008015249117243047
0.00837971350543936
0.008751338828186381
0.00912946284099907
0.009513342983225684
0.009902150493950098
0.010294965552038687
0.010690773409986743
0.011088461780606936
0.011486820194967301
0.011884542933253734
0.012280238087629966
0.012672445597617061
0.013059664645163551
0.013440384491829707
0.013813106138643947
0.014176343517278367
0.014528604189398305
0.01486835998665422
0.015194018409202672
0.015503899454269028
0.015796217564627024
0.01606906765916553
0.01632041736940331
0.016548111574762332
0.016749893887701203
0.016923438801692392
0.017066380291402984
0.017176334421838163
0.017250943212694676
0.01728800854588937
0.017285856022625248
0.01724415580641974
0.01716519471617224
0.017054240797972017
0.016917119428056883
0.016757424368140893
0.01657632713032542
0.016373565892828137
0.016148147012956787
0.01589859199597342
0.015622825470214576
0.015317704714826266
0.014978499136694166
0.014600061400917989
0.014180548942952625
0.013721867027402735
0.013225783320408477
0.012692118562140909
0.01211924733056349
0.011505034950721964
0.010848115677209438
0.010150431895828515
0.009421512222169161
