1.0000000001007
1.4624491036543377e-13
8.67507330775938e-14
3.6335924291866647e-14
6.1895563603607e-14
1.9421198425131133e-14
-7.946611140013861e-14
-4.1164475629996543e-14
-8.416782167199955e-14
2.6047277344144954e-14
-8.232324310496154e-14
3.0869427971929805e-14
-2.751513345508952e-14
5.3187136769480836e-14
6.096824569723838e-14
9.548660012638141e-15
7.01655056213786e-14
5.404896907638956e-15
-3.544821364611164e-14
-8.31724012578805e-15
-3.376546411177836e-14
-1.1144531749263803e-13
8.362508276994751e-14
1.0088232197313571e-13
1.4187334981949004e-13
-1.0738360477517347e-13
-6.267398709389194e-14
7.685754701940162e-14
2.65919082001638e-14
3.769648980987694e-15
-6.108873443991941e-14
-5.014369995615109e-14
-6.548761370423622e-14
4.1906975394197243e-14
-3.497433598157254e-14
-3.2122260851686485e-14
-1.2835733994784326e-14
2.5971893635300808e-14
-1.5450788977237895e-14
-4.071644009364522e-14
2.873352597521084e-14
-5.778203978658303e-14
-6.9988028502006305e-15
-3.8059392605798575e-14
-3.827490489263438e-14
-1.1932622723037287e-13
4.210173876195711e-14
1.7889268083375043e-15
5.458777012226981e-14
-2.7095038994569276e-14
2.689807334114655e-14
-2.9626319030407605e-14
1.3401667200031026e-14
-1.3441003410101515e-14
4.3704392860798025e-14
-1.4153558018517934e-13
-9.613654544746858e-15
-2.8487052940086993e-14
7.774292684224401e-14
6.447049654117326e-14
-1.3500485451789501e-15
5.489595458979882e-14
-8.00118163998137e-15
2.4230949549359365e-14
2.3406678071463682e-14
4.2402991111845784e-14
4.12128759396356e-14
-4.3441589030451117e-14
-4.207222813407477e-14
-2.0166634746680845e-15
-2.0517523227278622e-14
9.024110126688856e-14
7.135031497920719e-14
-6.121396656710507e-14
-9.932231767725494e-14
-6.535604577060511e-15
-1.465068843152506e-15
-3.9542554072704433e-14
5.252443174407623e-14
-2.3565500137205653e-14
5.731069644462211e-14
-2.4992696443220525e-14
-1.9178770713484256e-14
-9.946060766435547e-14
8.392736511190005e-14
1.15253069403725e-13
-4.436365554430499e-14
6.470269198893819e-14
-4.9074012540249734e-14
6.514653725329944e-14
4.480710100911514e-14
3.499936072296622e-14
-2.1541633494354118e-14
-3.8372557627057435e-14
7.03709009466924e-14
-7.868071428759893e-14
6.512837686691031e-14
-7.442459734434415e-14
1.5073879644500465e-14
