0.00010757362841084357
0.00011763185510503998
0.00012849918891908146
0.0001402382536774974
0.000152916293245916
0.00016660549218730985
0.0001813833140232001
0.00019733285928641425
0.0002145432447080155
0.00023311000177962064
0.00025313549662431224
0.0002747293724570461
0.00029800901237285167
0.0003231000259543996
0.00035013675772809226
0.000379262817485488
0.0004106316349348253
0.00044440703556235966
0.00048076383896856594
0.0005198884791202121
0.0005619796450492336
0.0006072489416955124
0.0006559215687478514
0.0007082370165375634
0.0007644497753071205
0.0008248300571236712
0.0008896645254133202
0.0009592570291961999
0.0010339293363064114
0.0011140218628242515
0.0011998943884421588
0.0012919267543877303
0.0013905195331934766
0.0014960946622812486
0.001609096029633999
0.0017299900003962885
0.0018592658699621413
0.001997436228204521
0.0021450372191202795
0.002302628674187243
0.0024707941010469457
0.0026501405012752163
0.002841297993010843
0.0030449192086826234
0.0032616784376726634
0.003492270476731518
0.0037374091531279835
0.003997825478694965
0.004274265389003727
0.004567487021726213
0.004878257481848772
0.005207349037077521
0.005555534686847209
0.005923583041521453
0.006312252446201008
0.006722284279468686
0.007154395358666056
0.007609269374896201
0.008087547286196897
0.008589816593143888
0.009116599422309229
0.009668339350869203
0.010245386899709096
0.010847983644278676
0.01147624488658481
0.012130140859209616
0.012809476438158796
0.013513869372847431
0.014242727061993702
0.014995221940904512
0.015770265585814066
0.01656648168900604
0.017382178111359833
0.01821531828870594
0.019063492338160057
0.019923888294566646
0.02079326399865828
0.021667920259776645
0.022543676017121157
0.023415846341269198
0.024279224218765324
0.025128067180023285
0.02595608991843075
0.02675646413831182
0.027521826915855932
0.028244298883181345
0.02891551351212483
0.029526658682505712
0.030068531562929067
0.030531607570265053
0.03090612383551904
0.031182177133688066
0.031349835685947125
0.031399263546606396
0.03132085553154454
0.031105379784913373
0.03074412417679239
0.030229041814198603
0.029552890039872957
