1.0000000000224034
2.2724887911449777e-13
-2.2721944683716305e-14
4.2104605968483564e-15
-1.13362867948082e-13
-5.901457098065992e-14
1.4792298787778824e-14
-3.1697155344250286e-14
3.0864118769416415e-15
8.688992721942596e-14
1.5918025903470523e-14
-7.03767014283152e-14
3.3081054714133307e-14
5.547136101152761e-14
-5.2226933444209783e-14
1.170059058322459e-13
5.884195583040486e-14
-6.271814122736641e-14
2.8096936669635975e-14
6.738567223749797e-15
4.858927930145862e-14
8.953070489842174e-15
3.589718854200147e-15
8.945353680879509e-14
-1.766791465733497e-14
4.3768340460183935e-14
2.3095085143354926e-14
6.75318294666126e-14
-6.972475710947251e-14
4.8067425690787036e-14
-1.1635522189842873e-15
1.037756306668941e-13
3.786784796323828e-14
-3.464528739848677e-14
1.5905462710796847e-14
-8.303145497545739e-15
-1.5103898492151158e-14
-6.073074443509185e-14
1.8373391458444133e-14
-1.1021295909328238e-13
1.779698892596937e-14
5.5674838654248826e-14
-5.696647580738512e-14
-2.66186541125063e-14
-2.86242383962243e-14
1.3463717445615087e-14
-1.2742438397841949e-14
-2.73036665976098e-14
-6.929233662550383e-14
5.0834824631001974e-14
-4.882943008266416e-14
4.438020995622613e-14
-2.8107582179717067e-14
1.2316069117248446e-14
3.085354779823468e-15
-1.1651536533556842e-13
-1.7356572450978602e-14
-3.086575184893872e-14
-5.0647664230976663e-14
8.145665131992219e-14
-1.410415092551777e-13
-1.3083718136686073e-14
2.6370622536759508e-14
4.1070039079674214e-14
-7.068615983339688e-14
3.966185696925931e-14
-1.737450922066966e-14
-1.5384869485150776e-14
2.249001901594508e-14
-3.939231753291583e-15
2.0132014816060667e-14
3.192841905577323e-14
4.8751015160539146e-14
-3.910715880902499e-14
-3.0556571270663746e-14
2.309503770950988e-14
-1.1200589744965808e-13
6.279353393593562e-15
-9.17216742011076e-15
-3.127038965223747e-14
-2.2483168213467686e-15
8.066151099914848e-14
-7.528176080564761e-14
-8.538079233422549e-14
-4.707469630034142e-14
-1.0342615164912056e-13
6.030516797733698e-14
-2.242520405482118e-14
3.182113725080579e-14
1.124534561064601e-13
-7.552848456252384e-14
-1.2078229041923016e-14
7.42158545448228e-14
-3.978216952908731e-14
6.030600823402066e-14
-8.090255624714632e-15
-4.874076945000916e-14
5.6208781119143625e-14
-3.034378304178631e-14
