0.014226090891537464
0.014104430725363517
0.013985506673734275
0.013869172852713073
0.013755292407913127
0.013643736858909256
0.01353438550008227
0.013427124851514278
0.013321848154238078
0.013218454908320057
0.013116850447294413
0.013016945546518733
0.012918656063023382
0.012821902601993607
0.012726610210697426
0.012632708093893599
0.012540129351468001
0.012448810735882136
0.012358692425780943
0.012269717818195995
0.012181833333279126
0.012094988235274566
0.012009134463310155
0.011924226476721627
0.011840221108533546
0.011757077430369162
0.011674756625392912
0.01159322187077026
0.011512438226727335
0.011432372533332567
0.011352993314177405
0.011274270685164739
0.01119617627020445
0.011118683121373233
0.011041765644106145
0.010965399527220598
0.010889561676865684
0.010814230154693006
0.010739384118793875
0.010665003769903468
0.01059107029866251
0.01051756583701204
0.010444473412426563
0.01037177690421204
0.010299461002695845
0.010227511169716779
0.01015591360299312
0.010084655200733945
0.010013723528694047
0.009943106789603275
0.00987279379327868
0.009802773928538271
0.009733037137328976
0.009663573888736291
0.009594375155562057
0.009525432391620335
0.009456737509988069
0.009388282862499759
0.009320061220210675
0.00925206575472066
0.00918429002080288
0.009116727938981363
0.009049373779912466
0.00898222214880045
0.00891526797073312
0.008848506476740486
0.008781933190469698
0.008715543915390353
0.00864933472265867
0.008583301939288968
0.008517442137239907
0.008451752122255973
0.008386228924465142
0.00832086978757776
0.008255672160361285
0.008190633686830063
0.008125752198732048
0.00806102570568301
0.007996452388808162
0.007932030592062496
0.007867758815353149
0.00780363570722222
0.007739660058276778
0.007675830794777028
0.007612146971842802
0.007548607768060032
0.007485212479289952
0.007421960513280886
0.0073588513839811485
0.007295884706712932
0.007233060193019608
0.0071703776458537085
0.007107836954903182
0.007045438091963211
0.006983181107025356
0.006921066123821343
0.00685909333576991
0.006797263001863021
0.0067355754437996
