0.005369315804083823
0.00546660021835733
0.0055644739240264035
0.005662927080352641
0.005761949294857197
0.005861529607766999
0.005961656478689331
0.006062317770284217
0.006163500734269937
0.006265191994781563
0.006367377533703745
0.0064700426737548155
0.0065731720629306455
0.0066767496575482616
0.006780758706178366
0.006885181731639088
0.006990000514614916
0.007095196075955506
0.007200748658993988
0.007306637711323121
0.007412841867199946
0.007519338928623492
0.007626105846795901
0.007733118703813251
0.007840352692993706
0.007947782099919623
0.008055380282874306
0.008163119653374311
0.008270971656450472
0.008378906750162828
0.008486894386024131
0.00859490298832503
0.008702899933739572
0.008810851530858612
0.008918722999152896
0.009026478448908339
0.009134080859007628
0.009241492057466855
0.009348672698909044
0.009455582244254763
0.009562178939589633
0.009668419794506795
0.009774260560921177
0.009879655712361341
0.009984558422265434
0.010088920543319758
0.010192692585809768
0.010295823697380977
0.010398261641582494
0.010499952777658078
0.010600842039709962
0.010700872916429675
0.010799987431127816
0.010898126121649544
0.010995228021010493
0.011091230637739372
0.0111860699374519
0.01127968032388216
0.011371994620807395
0.011462944054131126
0.011552458235052425
0.011640465142865394
0.011726891108847158
0.01181166080053368
0.011894697206893541
0.011975921623774168
0.012055253640106922
0.012132611125217548
0.012207910216514507
0.012281065308230043
0.012351989040518086
0.012420592290527844
0.012486784163364316
0.012550471984425264
0.012611561293000005
0.01266995583653142
0.01272555756687292
0.012778266635725795
0.01282798139451475
0.012874598392109075
0.012918012375947814
0.012958116294658118
0.0129948013002561
0.013027956753699124
0.0130574702314481
0.013083227532334513
0.013105112687735326
0.013123007972557553
0.013136793917312156
0.013146349323216651
0.013151551277565924
0.013152275171756867
0.013148394721716127
0.013139781987512061
0.013126307398352587
0.01310783977607816
0.013084246363712308
0.01305539285225735
0.013021143413356705
