0.010705741042436262
0.010717749495415417
0.010728974693411478
0.010739417555873883
0.01074907897188344
0.010757959806172593
0.010766060903439057
0.01077338309319341
0.010779927193784195
0.010785694016982532
0.010790684371519605
0.01079489906720774
0.010798338917836669
0.010801004745695973
0.010802897383849154
0.010804017679736619
0.01080436649800179
0.010803944723463504
0.01080275326363711
0.01080079305158451
0.0107980650482967
0.010794570244682678
0.010790309664508372
0.01078528436622839
0.010779495444932452
0.010772944034492969
0.010765631309514743
0.010757558486692674
0.010748726827451234
0.010739137638520208
0.010728792274173372
0.010717692137660016
0.010705838682397701
0.010693233413503924
0.010679877888803967
0.010665773720513118
0.010650922576096135
0.010635326179533113
0.010618986312088817
0.010601904813382275
0.010584083582517046
0.010565524578729849
0.010546229822522207
0.010526201395730697
0.010505441443169963
0.010483952172509692
0.010461735855194696
0.010438794827049909
0.010415131488692901
0.01039074830615469
0.010365647810916442
0.010339832600695126
0.010313305339602563
0.010286068758248758
0.01025812565434813
0.010229478892417807
0.010200131404640178
0.010170086189943667
0.01013934631529539
0.010107914914321529
0.010075795188612522
0.010042990406853679
0.010009503904907973
0.009975339085538769
0.009940499418693599
0.009904988440702206
0.009868809754236024
0.009831967028088636
0.009794463996700333
0.009756304459850049
0.009717492282219287
0.009678031392620863
0.009637925784245873
0.00959717951325064
0.009555796698729567
0.009513781522161965
0.009471138225788763
0.009427871113588438
0.0093839845490612
0.009339482955396192
0.009294370813877052
0.009248652663891906
0.009202333101425497
0.009155416778504732
0.009107908402123352
0.009059812733196903
0.009011134585647541
0.008961878825381946
0.008912050369300078
0.008861654183830897
0.008810695284256955
0.008759178733316166
0.008707109639711783
0.008654493157254016
0.00860133448384198
0.00854763885915609
0.008493411564685804
0.008438657920857818
0.008383383287294995
