0.006167358095298169
0.006265085413657262
0.006362966589027564
0.006460985131862908
0.006559123979641486
0.00665736548876146
0.006755691427743748
0.006854082969720523
0.006952520685511032
0.007050984536180929
0.007149453866285945
0.007247907396559763
0.007346323217022192
0.007444678780362018
0.007542950894636667
0.007641115717314858
0.007739148748607985
0.00783702482463695
0.007934718111704243
0.008032202100250605
0.008129449598927104
0.008226432728755213
0.008323122918035752
0.008419490897015687
0.00851550669283623
0.008611139625027905
0.008706358300556896
0.00880113061097477
0.008895423726681433
0.008989204095200013
0.00908243743718361
0.009175088743560057
0.009267122273324255
0.009358501551821078
0.009449189368118935
0.009539147775145768
0.009628338088132021
0.009716720884499406
0.009804256004157269
0.00989090255028586
0.009976618890555428
0.010061362658873108
0.010145090758029017
0.010227759362288594
0.010309323921174236
0.010389739163680774
0.010468959103105266
0.010546937042439187
0.010623625580688661
0.010698976619672416
0.01077294137170615
0.010845470367900593
0.010916513467186091
0.010986019866360533
0.01105393811054992
0.011120216104812761
0.011184801126514635
0.011247639838042554
0.011308678301128394
0.011367861991959738
0.011425135816120773
0.011480444125867014
0.011533730737259365
0.011584938948710623
0.011634011560469084
0.011680890894293649
0.01172551881536237
0.011767836753738279
0.011807785728035262
0.01184530636866895
0.011880338943283164
0.011912823382405804
0.011942699305974951
0.011969906051608805
0.011994382702429121
0.012016068117010443
0.01203490095926092
0.012050819730530203
0.012063762800169322
0.012073668440265539
0.012080474857170976
0.01208412022794989
0.01208454273406974
0.012081680597525178
0.012075472118201765
0.012065855709677093
0.012052769938245035
0.012036153559791056
0.012015945559518477
0.011992085190537823
0.011964512013686437
0.011933165936650766
0.011897987254591638
0.011858916689861948
0.011815895432739148
0.011768865180451634
0.011717768178566158
0.011662547260705576
0.011603145886583083
