0.7508595204237226
0.0009005477924295326
0.0007031215479335423
0.0006558580899089692
0.0006469023995811555
0.0006537290014168775
0.000668824232627738
0.0006889850919557987
0.0007126424972736527
0.0007389936414087403
0.0007676923527346507
0.0007987044249355259
0.0008320444058267295
0.0008673949256743835
0.0009041772455352084
0.0009419274960788005
0.0009803946378781766
0.0010194601951795327
0.0010590690338948743
0.0010992024081437598
0.00113988611107562
0.0011812400907428298
0.0012235853036569164
0.0012675466715408893
0.0013138591313341793
0.0013628146375438627
0.001414178285761686
0.0014676301001999193
0.0015229752869074318
0.0015801168669988108
0.001639001712672667
0.0016995910454490973
0.001761847820008011
0.0018257315894172727
0.001891196211667393
0.001958188425209355
0.0020266465835049887
0.0020964995162428635
0.0021676657097922623
0.0022400528028222503
0.002313557135924121
0.002388063173240674
0.0024634426469969705
0.0025395533319914013
0.0026162371820725614
0.0026933175873625915
0.00277059606945111
0.0028478502125858203
0.0029248362046313983
0.0030012982157046186
0.0030769817783652415
0.003151644779522419
0.0032250616494443793
0.0032970209535639772
0.0033673193252797004
0.0034357548020182357
0.0035021214106707816
0.0035662054225713484
0.0036277828545475516
0.003686617675190631
0.003742460238735465
0.0037950458273471512
0.0038440937265051683
0.003889307810778918
0.003930379353874965
0.003966991103319469
0.003998820336015665
0.004025539535912305
0.004046815850087508
0.004062312216475455
0.004071695000103082
0.0040746577718186565
0.004070982966263552
0.004060677953666483
0.004044183183664581
0.0040224261907390955
0.0039964152652053764
0.003966782326558987
0.003933759598798213
0.003897348967142311
0.0038574444184547316
0.003813887284999575
0.0037664826222314762
0.0037149905064025462
0.0036590862794168718
0.0035982733839004274
0.0035317947944733348
0.0034588327712878363
0.0033791269760080653
0.003293037110516302
0.0032009030715916672
0.003102753606088947
0.002998378002873683
0.0028874320778576193
0.002769508608183452
0.002644215539805651
0.002511349342307045
0.002371307756273743
0.00222579269109023
