0.0625533308278898
0.03628468177668818
0.029208768004000546
0.025624782845019935
0.023332477836909178
0.021679491315151754
0.020399614207414353
0.01936180587650546
0.0184929247283652
0.017748277109043913
0.01709862408680885
0.016523796510780873
0.01600928449039009
0.015544289875437274
0.0151205515144294
0.014731603399232787
0.014372287591410928
0.014038423549256634
0.013726577035051132
0.013433894468543442
0.013157981514716338
0.012896812320510376
0.012648660458984117
0.012412045558590913
0.012185691465113143
0.011968493023608924
0.011759489397475256
0.01155784240976159
0.011362818791580714
0.011173775503530391
0.010990147499077459
0.010811437447751603
0.010637207043651703
0.01046706960903157
0.010300683762338197
0.010137747968743597
0.009977995826810518
0.009821191972853404
0.009667128508185662
0.009515621870313634
0.009366510082751923
0.009219650331596834
0.009074916823422029
0.008932198886154671
0.008791399284172054
0.008652432718345541
0.008515224489796488
0.008379709306877259
0.008245830220425479
0.008113537671214161
0.00798278863763583
0.007853545872916772
0.007725777222368296
0.007599455011957041
0.007474555500617215
0.007351058390603768
0.007228946389353821
0.00710820481771481
0.006988821260252494
0.006870785252884219
0.0067540880053800125
0.006638722153690681
0.00652468153979957
0.006411961017263718
0.006300556278375564
0.006190463701812348
0.006081680218457299
0.005974203193083985
0.005868030321167205
0.005763159538085908
0.005659588940316114
0.005557316717311842
0.0054563410918784215
0.0053566602692525275
0.005258272393150916
0.005161175508099745
0.005065367527709075
0.004970846207268245
0.0048776091208241395
0.004785653642132351
0.004694976928229547
0.004605575905460762
0.0045174472589796354
0.004430587422717712
0.0043449925715717585
0.00426065861472418
0.004177581190072507
0.0040957556598315795
0.004015177105703109
0.003935840325944506
0.003857739832329484
0.003780869846605047
0.0037052242987997666
0.0036307968248357717
0.003557580764377515
0.0034855691593438463
0.003414754752018982
0.0033451299842726105
0.003276686996595728
