0.07820971337512857
0.025732772255632856
0.019957358054159435
0.017668306973145587
0.016423938993464338
0.01563948427141316
0.015100653813513505
0.01470872779221848
0.014411044628115377
0.014176509032580314
0.013985375001275054
0.013824427236374682
0.013684481263309354
0.013558981964172608
0.013443165436080049
0.013333529767950473
0.013227485375268236
0.013123115181253874
0.013019005077531665
0.012914121130599797
0.01280771890804187
0.012699275489242339
0.012588437855527572
0.012474983333503525
0.012358789063433464
0.012239808341222737
0.012118052306149242
0.011993575871964465
0.011866467110226986
0.011736839479774379
0.01160482640430549
0.011470577737538606
0.011334257650569257
0.011196043472931596
0.011056125026069598
0.010914704044127725
0.01077199337155341
0.010628215747345283
0.010483602126843107
0.01033838960868877
0.010192819123024164
0.01004713308308457
0.00990157319879963
0.009756378604270371
0.009611784383346846
0.009468020490687741
0.009325310990017877
0.009183873459479276
0.009043918377907552
0.00890564827884125
0.00876925646997391
0.008634925150675387
0.00850282282889757
0.008373101039138478
0.008245890494671573
0.008121296948291026
0.007999397170752735
0.007880235542440536
0.0077638217589213986
0.007650130063579613
0.007539100230231575
0.007430640277768308
0.007324630656548887
0.007220929457383863
0.007119378108847085
0.007019807037681783
0.0069220408633324714
0.006825902831280014
0.006731218328655336
0.006637817448312498
0.006545536653118864
0.006454219656744337
0.0063637176675602584
0.006273889166228315
0.006184599380293069
0.00609571960865014
0.006007126525759718
0.005918701559143813
0.00583033041310613
0.0057419027743740745
0.0056533122265424
0.005564456379240573
0.005475237218593398
0.00538556168034913
0.005295342450059727
0.005204498995095938
0.005112958832127192
0.0050206590284870714
0.004927547923610692
0.004833587038122969
0.004738753104869441
0.004643040124191852
0.004546461294945714
0.004449050632441492
0.00435086404676534
0.004251979644146857
0.0041524970383968
0.004052535531564331
0.003952231135321817
