0.96335594259794
0.00107354987128135
0.0007854643066644234
0.0006888069656534208
0.0006410299948788423
0.0006130996639095355
0.0005950808589086897
0.0005825943764949888
0.0005734001476403038
0.0005662382797601893
0.0005603533854547502
0.0005552716364543015
0.0005506858103811378
0.0005463917272797629
0.000542251209796959
0.000538169598915186
0.0005340816536723292
0.0005299424634723305
0.000525721457622134
0.0005213983775350601
0.0005169605272502094
0.000512400875226355
0.0005077167257358542
0.0005029087767198775
0.0004979804134477516
0.0004929371081144201
0.0004877857907601827
0.00048253407196133816
0.000477189267138716
0.00047175735080642195
0.00046624218984611475
0.00046064547558814003
0.00045496752602559127
0.00044920866505995674
0.00044337061740834424
0.00043745746955400016
0.0004314760479027632
0.0004254357745297347
0.0004193481228095237
0.0004132257976692225
0.0004070818084304612
0.0004009286316976358
0.0003947776361016062
0.00038863883494764267
0.0003825209187794559
0.0003764314707925812
0.0003703772739304872
0.00036436465437062284
0.0003583998399758731
0.0003524893405940269
0.00034664035844134643
0.00034086124116171915
0.0003351619683295973
0.0003295546128180567
0.00032405365138011937
0.0003186758818194276
0.00031343961974180843
0.0003083628689412302
0.0003034605002973954
0.00029874110084795666
0.00029420475028758494
0.0002898428494773619
0.00028564011087262747
0.0002815776766751293
0.0002776360172635923
0.00027379682611207104
0.0002700438664382229
0.00026636314729895367
0.0002627428191442376
0.00025917300712542153
0.0002556456053799315
0.0002521539768451242
0.0002486925459330941
0.0002452563667926415
0.0002418407652698585
0.00023844110706671133
0.00023505268585228938
0.00023167069222449583
0.00022829022382471416
0.00022490631243233993
0.00022151395063522042
0.00021810811571432363
0.00021468378811325176
0.00021123596568445248
0.00020775967929317516
0.0002042500093683859
0.0002007021108403166
0.00019711125421083785
0.00019347288623766128
0.00018978272877116868
0.00018603692930178406
0.0001822322828601878
0.00017836655282690018
0.00017443890574074137
0.00017045046312177197
0.00016640491869534792
0.00016230909539779984
0.00015817321822165668
0.0001540106487350737
