0.011352293909144221
0.011345591482763123
0.011338303773138537
0.01133042878209623
0.011321964646375781
0.011312909635796278
0.011303262151188015
0.01129302072198847
0.011282184004949574
0.011270750781369744
0.011258719956273061
0.011246090555940086
0.011232861726811798
0.011219032733065607
0.011204602955703026
0.011189571891112608
0.011173939148709707
0.011157704450886327
0.01114086763032983
0.011123428629580708
0.011105387499197766
0.011086744396727688
0.011067499585458709
0.01104765343297826
0.011027206410808272
0.011006159091938361
0.01098451215119663
0.010962266362683323
0.01093942260009056
0.010915981834592355
0.010891945134214487
0.010867313663087538
0.01084208867981603
0.010816271537259056
0.010789863680573122
0.01076286664739101
0.010735282065868703
0.010707111654425163
0.010678357220051936
0.010649020658295686
0.010619103951601634
0.01058860916879042
0.010557538463682422
0.010525894074724346
0.010493678323424129
0.01046089361415266
0.010427542432442927
0.010393627344371352
0.010359150996040184
0.010324116111915192
0.01028852549406954
0.010252382021595006
0.010215688649281218
0.010178448406382053
0.010140664396451813
0.010102339795398358
0.010063477851398675
0.010024081882887594
0.009984155278454235
0.009943701495091809
0.00990272405765893
0.0098612265576152
0.009819212651818461
0.009776686061650218
0.009733650571898097
0.009690110029449054
0.009646068342512101
0.009601529479086778
0.009556497465955023
0.009510976387897139
0.00946497038595299
0.009418483656318562
0.009371520449717147
0.00932408506954317
0.009276181870760318
0.009227815258787185
0.00917898968840103
0.009129709662069772
0.009079979728952312
0.009029804483430234
0.008979188563876812
0.008928136651624516
0.008876653468750346
0.008824743778020127
0.008772412380187007
0.00871966411370231
0.008666503852403997
0.008612936504774878
0.008558967012417769
0.008504600348261811
0.008449841515731834
0.008394695546474462
0.008339167499661284
0.008283262460092086
0.008226985536655842
0.008170341861153977
0.008113336586521564
0.008055974885556035
0.00799826194877097
