0.028770816077701593
0.0264538905777476
0.024661790493687955
0.023216699193559096
0.022016510296412845
0.02099755655177331
0.020117581764068092
0.01934714260934663
0.018664914114063052
0.01805496001285278
0.01750506119761069
0.017005646731394427
0.016549084584504332
0.016129195954452474
0.015740913479694797
0.015380034916924835
0.015043041867560591
0.014726963882810515
0.014429274900120467
0.01414781314716692
0.013880718372230635
0.013626382056136654
0.013383407493137371
0.013150577459393421
0.012926827790006055
0.012711225598671883
0.012502951185854507
0.01230128290049219
0.012105584387397731
0.011915293776022462
0.011729914462615086
0.011549007206830105
0.011372183320096067
0.011199098768177582
0.011029449042184756
0.010862964679311615
0.010699407336094598
0.010538566335504733
0.010380255618053768
0.010224311045814543
0.010070588008478397
0.00991895929513431
0.009769313197807005
0.009621551817158961
0.009475589548914191
0.009331351727346135
0.009188773409751641
0.00904779828618443
0.008908377700233647
0.008770469769900023
0.008634038597302841
0.008499053559160238
0.008365488669016432
0.008233322005029131
0.008102535195411731
0.007973112957881364
0.007845042686164363
0.007718314080151507
0.007592918815007952
0.0074688502456955646
0.007346103143273961
0.007224673460728423
0.007104558124251415
0.006985754848544525
0.006868261973304974
0.006752078319299648
0.006637203061070162
0.006523635615578769
0.00641137554548017
0.00630042247330767
0.00619077600844513
0.006082435683549842
0.0059754008987403994
0.005869670875965696
0.00576524461809909
0.005662120874997275
0.005560298115322331
0.00545977450224271
0.005360547874000097
0.005262615727081216
0.005165975203011499
0.005070623077468637
0.00497655575180662
0.004883769245679704
0.004792259192847847
0.004702020835714705
0.0046130490235571165
0.0045253382094258675
0.0044388824499225115
0.004353675403419524
0.004269710330217971
0.004186980093189768
0.00410547715789131
0.004025193594252803
0.003946121077852624
0.0038682508920966905
0.003791573930855316
0.003716080701201466
0.0036417613275111166
