0.012909327463032479
0.012827882481024682
0.012753361643009652
0.012684950269805506
0.012621920564622708
0.012563620255504527
0.012509463024857023
0.012458920402096186
0.012411514870015341
0.012366813980547642
0.012324425309396255
0.012283992117056618
0.012245189600411429
0.012207721645614018
0.012171318002593547
0.012135731820024781
0.012100737485276642
0.012066128725628377
0.01203171693299958
0.011997329680847713
0.011962809405089784
0.011928012228619472
0.011892806907100224
0.011857073882095667
0.011820704426387775
0.011783599869356152
0.011745670892221078
0.011706836884447451
0.011667025354263831
0.011626171385445267
0.011584217135909316
0.011541111373101976
0.011496809041909282
0.011451270861460805
0.01140446294753341
0.011356356459306851
0.011306927266429052
0.011256155634593026
0.01120402593058252
0.011150526341600416
0.01109564860986429
0.01103938778162674
0.010981741968260884
0.01092271212009877
0.010862301811397121
0.010800517036169672
0.010737366014253224
0.010672859008097606
0.010607008147714534
0.010539827265936474
0.010471331742134724
0.010401538354509266
0.010330465140393286
0.010258131265595648
0.010184556900429928
0.010109763104022054
0.010033771715925042
0.009956605254607594
0.009878286823286632
0.009798840022512996
0.009718288868411857
0.009636657718793273
0.00955397120343955
0.009470254162113372
0.009385531586411991
0.009299828568184978
0.009213170252457775
0.00912558179545838
0.009037088326997495
0.008947714917263459
0.008857486547614353
0.00876642808552732
0.00867456426217437
0.008581919654146845
0.008488518667722059
0.008394385526011877
0.00829954425824049
0.008204018690984138
0.00810783244288242
0.008011008918062954
0.00791357130445271
0.007815542569955754
0.007716945461968438
0.007617802506439988
0.0075181360072671816
0.0074179680465182
0.00731732048430969
0.007216214958807068
0.007114672885231384
0.00701271545550354
0.006910363636396912
0.00680763816670373
0.0067045595543652825
0.006601148072334611
0.00649742375251084
0.006393406379540596
0.006289115483213477
0.006184570328325521
0.006079789905213762
