7.555169977049164e-11
9.241972589784861e-11
1.214547630762168e-10
1.6449473299326792e-10
2.2636993202238692e-10
3.1431916265719714e-10
4.373260375795801e-10
6.082329690902319e-10
8.4565283958336e-10
1.17501278536691e-09
1.631602474221755e-09
2.2631325754932964e-09
3.1351612675878555e-09
4.336752133945153e-09
5.990075475730255e-09
8.260173142487712e-09
1.1370916732289169e-08
1.5625990494756974e-08
2.1433324657520007e-08
2.9343482908425738e-08
4.009571574834902e-08
5.468094573413563e-08
7.442358747604839e-08
1.0109116783718662e-07
1.370340156465707e-07
1.8537228870467827e-07
2.502356324691362e-07
3.3707704945768217e-07
4.530760874169428e-07
6.076612036972251e-07
8.13179986921262e-07
1.0857542215133762e-06
1.446376946778261e-06
1.9223005356402783e-06
2.5487962059085535e-06
3.371372603703268e-06
4.44856095379605e-06
5.855396529248053e-06
7.687750794314885e-06
1.0067698738425678e-05
1.3150135073739108e-05
1.713088494947147e-05
2.2256603023778493e-05
2.883677270950903e-05
3.7258180860306306e-05
4.8002253049951116e-05
6.166568791299759e-05
7.898483075277613e-05
0.00010086425197189847
0.0001284099630942721
0.00016296767754812408
0.00020616643504915532
0.0002599677782587394
0.00032672048671034
0.00040922060499383104
0.0005107761555581604
0.0006352754656094663
0.0007872574779908436
0.00097198172158198
0.0011954947935147804
0.001464689256565412
0.0017873497918062086
0.002172180274935274
0.002628804249973637
0.00316773007275524
0.0038002708993410844
0.00453840880982141
0.005394591768528509
0.006381451990961687
0.007511434825157431
0.008796328801538264
0.01024669047870105
0.011871162484171166
0.013675689547781344
0.015662644306723192
0.01782988074566826
0.020169738132809242
0.02266802618688232
0.025303041727383565
0.028044706535187314
0.03085397069352173
0.03368265874990326
0.03647386849258943
0.039162799610379107
0.041677619983039836
0.04394006844275195
0.045866214660228874
0.047368907919935775
0.04836465476287702
0.04878872835522299
0.04861876124938653
0.04788523207960163
0.04663329149444746
0.0448671943575122
0.042533838986844125
0.039554271166887464
0.03590371942455166
0.03166108139822478
0.027004313739167365
