4.6198202538412806e-08
5.5763603526030924e-08
6.718908776391771e-08
8.083246020185869e-08
9.712008006314407e-08
1.1655939471895199e-07
1.3975483206866935e-07
1.6742557433778752e-07
2.0042751748257457e-07
2.397787730043857e-07
2.8668964435714156e-07
3.425993217284393e-07
4.092175259521008e-07
4.885752645198706e-07
5.830843574871594e-07
6.956070050318972e-07
8.295397505135322e-07
9.889104751044332e-07
1.1784946279506394e-06
1.4039509988979302e-06
1.671983095452936e-06
1.9905276290172456e-06
2.368977423096983e-06
2.818443877292316e-06
3.3520643610357383e-06
3.985364424787652e-06
4.736682866285331e-06
5.627669302444324e-06
6.68386870177309e-06
7.935405303764845e-06
9.4177827430469e-06
1.1172819980543827e-05
1.3249744064149359e-05
1.5706464684196248e-05
1.861106162519662e-05
2.204351421312525e-05
2.609771507716056e-05
3.088380849519863e-05
3.6530903041677546e-05
4.319021563828511e-05
5.103870936489115e-05
6.028329547163737e-05
7.116568317437462e-05
8.396796250018248e-05
9.901902351295728e-05
0.00011670192344369039
0.00013746232043098343
0.00016181811339141904
0.0001903704290791382
0.00022381611697533602
0.00026296191809754496
0.0003087404845023699
0.0003622284323499081
0.00042466661364708527
0.0004974827890133334
0.0005823168750379497
0.0006810489178649335
0.0007958299172850774
0.0009291155733131483
0.0010837029639280734
0.0012627700667208915
0.0014699179135289299
0.0017092150040919915
0.0019852433943889393
0.002303145604140055
0.0026686711536620797
0.0030882211237005155
0.0035688886070420504
0.004118492308949935
0.004745599787091648
0.0054595359333410075
0.006270371238116366
0.007188883162308892
0.008226482529878213
0.009395095301397736
0.010706988359823495
0.012174526129063504
0.013809843012200725
0.015624414908054421
0.017628511686963815
0.01983051172413903
0.022236059915411926
0.024847052563972773
0.02766043698003931
0.030666821605087616
0.03384890515279764
0.03717975215050838
0.04062096872445658
0.044120867658066436
0.04761275604759468
0.05101353095378154
0.054222824373568686
0.057122990460183105
0.05958026163527327
0.06144739602149687
0.06256807137061027
0.06278312411290118
0.06193846768650088
0.05989415284358478
