0.9999999994313444
1.7364713146144777e-11
1.2752369112065446e-11
1.1265451308889553e-11
1.0619756383143959e-11
1.017452496291705e-11
9.95400397205842e-12
9.667723266631578e-12
9.556479387126324e-12
9.459873097535099e-12
9.411367012962686e-12
9.232399603917714e-12
9.185914953733045e-12
9.153266222941125e-12
9.192288171082689e-12
8.958185382997464e-12
8.868573102049958e-12
8.83557495153257e-12
8.763686609695597e-12
8.673176636454327e-12
8.610396033323364e-12
8.468922204381139e-12
8.402031409449008e-12
8.365785599298334e-12
8.283131669236808e-12
8.201615354610147e-12
8.163671175425834e-12
7.98193627214944e-12
7.871536226771516e-12
7.918800655699185e-12
7.786462640687644e-12
7.611770885718492e-12
7.513270728289512e-12
7.416584451683012e-12
7.471212442317749e-12
7.2516912168346195e-12
7.098486850946363e-12
7.100443392022435e-12
6.945345151414281e-12
6.886349876002978e-12
6.790276929865535e-12
6.610938635797904e-12
6.555661208485365e-12
6.6535190299137396e-12
6.264815752720276e-12
6.264838833521056e-12
6.107284000218946e-12
6.042646788959028e-12
6.0660696402775865e-12
5.818242429864043e-12
5.7447589674392615e-12
5.7271405771042866e-12
5.639200240938839e-12
5.590277884565597e-12
5.330143542926465e-12
5.331578979168991e-12
5.1480118318193366e-12
5.234381328443442e-12
5.046830754549441e-12
4.8332729860750285e-12
4.83424156147395e-12
4.6836983851705316e-12
4.716587831291117e-12
4.611297065357624e-12
4.5263123185244804e-12
4.527210383512741e-12
4.484962292704091e-12
4.409729383676644e-12
4.2908862430530124e-12
4.100151360602157e-12
4.1780329365734715e-12
4.218610031276964e-12
3.944223448045794e-12
4.104310618904377e-12
3.989959102570589e-12
3.990840445857922e-12
3.799061925642425e-12
3.7299630750589965e-12
3.8067074821935675e-12
3.680548375702966e-12
3.718918046641739e-12
3.557291097363506e-12
3.4968284998425922e-12
3.5980977024203204e-12
3.426273689408326e-12
3.3583575272122263e-12
3.300368230004274e-12
3.165766316153289e-12
3.229327145895923e-12
3.178910866502181e-12
3.112609935150123e-12
3.005501810900385e-12
2.9236094111040442e-12
2.953118685851251e-12
2.8072260424066574e-12
2.7155724369378614e-12
2.6764125338107274e-12
2.476559844608492e-12
2.4578339300546807e-12
