0.9993903211235928
2.0226441874353086e-05
1.4700089387062886e-05
1.2814373066889831e-05
1.185948588808035e-05
1.1283261099544106e-05
1.0896624659611765e-05
1.061621957097831e-05
1.0399431187386445e-05
1.0222326866176373e-05
1.0070592232648173e-05
9.93527757334065e-06
9.810607392391011e-06
9.692768420907536e-06
9.579204702589148e-06
9.468192286429216e-06
9.358571073424485e-06
9.249572411283228e-06
9.14070199309512e-06
9.031656685417174e-06
8.922264957992877e-06
8.812443381110225e-06
8.702164567693591e-06
8.591437556693026e-06
8.480294534076314e-06
8.36878322124113e-06
8.256962334756313e-06
8.144898772765381e-06
8.032665099161787e-06
7.92033933116239e-06
7.808002881752797e-06
7.695740799659612e-06
7.583641396275594e-06
7.47179590563145e-06
7.360298816148241e-06
7.24924659581435e-06
7.138735460681734e-06
7.028858001008838e-06
6.919695982947536e-06
6.811311833443141e-06
6.703742271870413e-06
6.5969988737381e-06
6.491071401991669e-06
6.385940440687992e-06
6.281587894723727e-06
6.178004058771115e-06
6.07518923002256e-06
5.973154434987265e-06
5.8719173334405034e-06
5.77150033069732e-06
5.6719278107018775e-06
5.5732236696546655e-06
5.475410117067081e-06
5.378506079311218e-06
5.28252714632798e-06
5.187484361738112e-06
5.09338581529612e-06
5.000237302106689e-06
4.908045347286203e-06
4.816820631154924e-06
4.726578740032279e-06
4.637341097228631e-06
4.5491327456173005e-06
4.461979277622246e-06
4.375904844446967e-06
4.290931214939687e-06
4.207077867370587e-06
4.124362969970747e-06
4.04280527815915e-06
3.962426325501418e-06
3.883252590317738e-06
3.8053182069853466e-06
3.7286674336716873e-06
3.653358831368455e-06
3.5794640716506018e-06
3.5070697895208476e-06
3.436269168526849e-06
3.3671508145599203e-06
3.29977827055191e-06
3.234168258441173e-06
3.1702743341669674e-06
3.107986203835568e-06
3.0471446598525322e-06
2.987567930679912e-06
2.929074487957579e-06
2.87149840363386e-06
2.814695324734055e-06
2.758542092692968e-06
2.7029345250795124e-06
2.6477829419008332e-06
2.5930105923421165e-06
2.53855278171586e-06
2.4843577146684776e-06
2.4303882909558345e-06
2.3766258580637577e-06
2.323074649628805e-06
2.2697654694679843e-06
2.21675703921026e-06
2.164133747998362e-06
