5.09093344772853e-05
5.598950404730774e-05
6.15176040939465e-05
6.75322219073365e-05
7.407517452441906e-05
8.119176856388407e-05
8.893107861405796e-05
9.734624680894047e-05
0.00010649480368623459
0.00011643901303600899
0.00012724624106418236
0.00013898935236044823
0.00015174713320103493
0.00016560474437459172
0.0001806542060933146
0.00019699491403338596
0.00021473419152803189
0.00023398787775269953
0.0002548809537039102
0.0002775482080339435
0.00030213494596741016
0.000328797740399793
0.0003577052286796719
0.0003890389564284771
0.00042299426980412256
0.00045978125704909347
0.000499625741628879
0.000542770326131438
0.0005894754904156831
0.0006400207405891534
0.0006947058114423657
0.0007538519210352934
0.0008178030757453952
0.0008869274233157933
0.0009616186528370811
0.001042297435365405
0.0011294129031870481
0.0012234441581066551
0.0013249018047622415
0.0014343294960808138
0.0015523054820608525
0.0016794441470679305
0.0018163975196443358
0.0019638567362919006
0.0021225534372567825
0.002293261068194244
0.0024767960567749258
0.002674018834036462
0.0028858346551345867
0.0031131941796226194
0.003357093757766332
0.003618575363844038
0.003898726112503668
0.004198677283081152
0.0045196027664289005
0.004862716842881929
0.0052292711856131895
0.005620550970644827
0.006037869966137129
0.006482564454636682
0.006955985830549047
0.0074594916979326
0.007994435276635837
0.008562152909683556
0.009163949444233295
0.009801081243404145
0.010474736568443131
0.011186013052868315
0.011935891976687447
0.012725209037098418
0.013554621300658895
0.014424570021898491
0.01533523901226323
0.01628650825808562
0.017277902506338566
0.018308534575055553
0.019377043199057045
0.020481525292991833
0.02161946261790522
0.02278764296203869
0.023982076109554128
0.025197905076383365
0.026429313330613567
0.027669429008176406
0.028910227474285434
0.030142433970703354
0.03135542851994488
0.03253715573823727
0.033674042701457824
0.034750928541369755
0.03575100991684375
0.03665580697780892
0.03744515476603827
0.038097225204422346
0.03858858478475147
0.038894292763289054
0.03898804392640992
0.038842358849742804
0.038428822785604236
