0.010649863816209243
0.010675290472746035
0.010699891671493073
0.010723642267702588
0.010746517998774551
0.01076849544873447
0.010789552017521655
0.010809665893138563
0.010828816025737197
0.010846982104671683
0.010864144537080707
0.010880284429426311
0.010895383569783776
0.010909424412019001
0.0109223900624327
0.010934264266365241
0.010945031396862124
0.01095467644394799
0.01096318500603672
0.010970543280273469
0.010976738055933091
0.010981756706595375
0.010985587184782526
0.01098821801529739
0.010989638290920567
0.010989837667080686
0.010988806358064977
0.0109865351328191
0.010983015311315193
0.010978238761348243
0.010972197895287231
0.010964885666902457
0.010956295569159542
0.01094642163076424
0.010935258413914673
0.01092280101179594
0.010909045045398986
0.010893986661787036
0.010877622530806723
0.010859949842520951
0.010840966304696
0.010820670139570743
0.010799060081272514
0.010776135372417495
0.010751895760954666
0.010726341496585648
0.010699473327691179
0.010671292496815794
0.010641800737509812
0.010611000269482864
0.010578893794569017
0.01054548449220502
0.01051077601428473
0.010474772480251866
0.010437478472246504
0.010398899028817056
0.010359039639608532
0.010317906239309532
0.01027550520109523
0.010231843330710491
0.010186927859109027
0.0101407664355221
0.010093367120577663
0.010044738378206894
0.00999488906829809
0.009943828438685342
0.009891566116431582
0.009838112099700171
0.009783476749138587
0.009727670778587638
0.00967070524584868
0.009612591543526242
0.009553341389138435
0.00949296681554505
0.009431480160245012
0.009368894055918611
0.009305221419312087
0.009240475440865828
0.009174669573622458
0.009107817522651124
0.009039933233033561
0.008971030879405465
0.008901124853712377
0.008830229753934167
0.008758360371902583
0.008685531682066098
0.00861175882811707
0.008537057112114076
0.00846144198128244
0.00838492901608823
0.008307533917255727
0.008229272493295747
0.008150160648159372
0.008070214367900785
0.00798944970801954
0.007907882780622408
0.007825529741623557
0.007742406776961966
0.007658530090239954
