0.08149672220510619
0.007945716225703277
0.006145051328879578
0.005615553030660276
0.005423492781852867
0.005370885972862804
0.005389043675998701
0.005447607323259907
0.005531096803920136
0.005630859556486115
0.005741757523003939
0.005860619436914626
0.005985433600070245
0.006114864380085751
0.006247909945287621
0.006383647410118205
0.006521092967794359
0.006659206036023493
0.006796992700129216
0.006933615383114274
0.007068450839134309
0.0072010993850917734
0.007331375513452685
0.007459305780428815
0.007585146141959239
0.007709416692557358
0.007832934396502159
0.007956802094089666
0.008082298650665936
0.008210645554430776
0.008342717078829102
0.008478845969674192
0.008618837416057812
0.008762152255524305
0.008908120834115577
0.009056086281212572
0.009205463130583449
0.009355742838954823
0.00950647818342988
0.009657264328875094
0.009807723073365686
0.009957491236574358
0.010106212293258771
0.010253530149110393
0.010399084261334774
0.010542505659169445
0.010683413655360546
0.0108214131540714
0.010956092489371887
0.011087021730887832
0.011213751391269466
0.01133581149252857
0.011452710968868877
0.01156393742164533
0.011668957265993776
0.011767216362730242
0.011858141329661008
0.011941141896710812
0.012015614902942909
0.012080950785251924
0.01213654366443351
0.01218180641310074
0.012216192527518939
0.012239227132587132
0.012250549572567729
0.012249968179288041
0.012237521358021116
0.01221352625814322
0.012178582277649057
0.012133499727198446
0.0120791603291298
0.012016363825189974
0.011945722892130119
0.011867628768415413
0.011782268579593249
0.011689663518597534
0.011589706084014198
0.011482186596107
0.011366806717993184
0.011243181414590925
0.011110833915997688
0.010969193752630536
0.010817615811864417
0.010655440089084707
0.010482089916923714
0.010297161264502835
0.010100437456290363
0.009891816556871737
0.009671207720097065
0.009438458548285709
0.00919333440562022
0.008935540817142113
0.008664777546223777
0.0083808230925521
0.008083657589285986
0.007773632520905244
0.0074516782833404785
0.0071194964480600495
0.006779625259902481
