0.0005213293434584202
0.00055906250247716
0.0006000521685992075
0.0006443956305599366
0.000692193110345611
0.0007435477008583265
0.0007985666228580525
0.0008573632718916054
0.0009200596495519571
0.0009867889024990965
0.0010576977888912286
0.0011329489679752086
0.001212723041185481
0.0012972202615588175
0.001386661817712562
0.0014812905634995948
0.0015813710721084818
0.0016871889200216353
0.0017990491660801744
0.0019172740828399526
0.0020422002798130695
0.002174175425049408
0.0023135547971649046
0.0024606978832367446
0.0026159651744121926
0.0027797152378839915
0.0029523020682188294
0.0031340726564524166
0.003325364691910208
0.0035265042895947225
0.0037378036597182154
0.003959558644323441
0.004192046075284574
0.004435520924499234
0.004690213238129324
0.0049563248565662795
0.005234025930470608
0.005523451251371347
0.005824696417086458
0.006137813852496449
0.006462808713969771
0.00679963470141458
0.007148189803351853
0.007508312009026566
0.007879775011197639
0.0082622839399136
0.00865547115295648
0.009058892129254044
0.009472021497229184
0.009894249245908997
0.010324877162875407
0.010763115549457228
0.011208080267579456
0.011658790178621162
0.012114165041392238
0.012573023945268349
0.01303408436289614
0.013495961925628977
0.013957171037046849
0.01441612646209842
0.014871146053042164
0.015320454797432242
0.01576219040490924
0.01619441066446431
0.01661510283268671
0.017022195309605893
0.017413571842585643
0.017787088443938455
0.018140593109424487
0.01847194825156274
0.018779055524289632
0.019059882395715048
0.019312489437530424
0.01953505688975033
0.019725908689248624
0.01988353192664372
0.020006589729445405
0.020093925952516457
0.020144560837497903
0.020157677914852352
0.020132603694034083
0.020068782892398884
0.019965752814486416
0.019823120870780944
0.019640548991760324
0.019417747986510914
0.01915448379804325
0.01885059634617891
0.018506030395166233
0.018120876750377546
0.017695421223838364
0.01723019811492202
0.016726044464095247
0.016184150856193787
0.015606104023795135
0.014993916020897755
0.014350034503490148
0.013677329073925024
0.012979050096742977
