0.007779097054533908
0.007844355511024236
0.007909319726919009
0.007973981177740952
0.008038331225054145
0.008102361115603524
0.008166061981057874
0.008229424837716333
0.00829244058580502
0.008355100008959091
0.00841739377452811
0.008479312432228934
0.008540846414481332
0.008601986035225979
0.008662721490892946
0.00872304285850274
0.00878294009655943
0.008842403044121854
0.0089014214204235
0.00895998482499065
0.009018082736914457
0.009075704515104846
0.009132839397772673
0.009189476501960355
0.009245604823650585
0.009301213237639222
0.009356290497198726
0.00941082523399594
0.009464805957820557
0.009518221056839736
0.009571058797022044
0.009623307322437281
0.00967495465543779
0.009725988695672951
0.00977639722140098
0.009826167888537088
0.009875288231032342
0.009923745661349872
0.009971527469825879
0.010018620825304126
0.010065012775404754
0.010110690246342953
0.01015564004329102
0.010199848850943565
0.010243303233288092
0.010285989634463477
0.010327894378329941
0.010369003670056593
0.010409303595325197
0.010448780121489476
0.010487419097880663
0.010525206256261944
0.010562127211436617
0.010598167461919794
0.010633312390393695
0.010667547264592384
0.010700857237697842
0.010733227349527572
0.010764642526670509
0.010795087584153196
0.01082454722550965
0.010853006044269876
0.010880448524254368
0.010906859041337109
0.010932221863955394
0.010956521154340775
0.010979740969387097
0.011001865262395119
0.011022877883557209
0.01104276258171937
0.011061503005490242
0.011079082704631798
0.011095485131179026
0.011110693641358043
0.011124691496460748
0.011137461865037335
0.011148987823771538
0.011159252359824649
0.01116823837182042
0.01117592867180855
0.011182305987220614
0.011187352962631354
0.011191052161016967
0.01119338606665983
0.011194337086375527
0.0111938875513865
0.011192019720392186
0.011188715780313033
0.011183957849382425
0.011177727978852716
0.011170008155859926
0.011160780304536662
0.011150026289708076
0.011137727918281153
0.01112386694225131
0.011108425060687441
0.011091383922485418
0.011072725129354612
0.011052430237561334
