0.005302966305680388
0.005425279453939584
0.005548334807904434
0.005672105853341479
0.0057965639995580295
0.005921678586773733
0.006047416891244864
0.006173744128836258
0.0063006234599114995
0.006428015991232442
0.006555880778630497
0.0066841748289727665
0.00681285310189402
0.006941868510870848
0.0070711719250037405
0.007200712169821932
0.007330436029292899
0.007460288246788774
0.007590211527248323
0.007720146539592107
0.007850031919362392
0.007979804272015213
0.008109398177354593
0.008238746194729238
0.008367778868764032
0.008496424737257086
0.008624610339608907
0.008752260226937153
0.008879296974464584
0.009005641195079616
0.00913121155550494
0.009255924794280116
0.009379695742935089
0.009502437349135988
0.009624060703180693
0.009744475067670915
0.00986358791033746
0.009981304940491138
0.010097530149682513
0.010212165855581233
0.010325112751347086
0.010436269958180868
0.01054553508345399
0.01065280428352939
0.010757972331456285
0.010860932690178862
0.010961577591441925
0.01105979811944061
0.011155484301786532
0.011248525204358815
0.01133880903445101
0.011426223247957338
0.011510654664380964
0.011591989587395822
0.011670113930813152
0.011744913353217952
0.011816273396588067
0.011884079632052028
0.011948217811457489
0.012008574026203051
0.012065034869367773
0.012117487606591077
0.012165820349760059
0.012209922237398835
0.012249683619909437
0.012284996247785005
0.012315753466661254
0.012341850413092725
0.012363184215627468
0.012379654198241956
0.012391162084656938
0.012397612206044047
0.012398911707865565
0.012394970758000404
0.01238570275339563
0.01237102452597074
0.012350856546104303
0.012325123122233952
0.012293752597145841
0.012256677539173434
0.012213834926099783
0.012165166324492563
0.012110618057183935
0.012050141365196707
0.01198369255646574
0.011911233144378156
0.011832729974043804
0.01174815533313558
0.011657487049386737
0.011560708571506553
0.011457809032576994
0.011348783296229004
0.011233631981730888
0.011112361471571304
0.010984983894581293
0.010851517089784135
0.0107119845448757
0.010566415311729832
0.010414843898717338
