0.004407116033038241
0.004533727380263394
0.0046622020878037814
0.00479250527676122
0.004924598786465132
0.0050584412219060425
0.005193988007063322
0.005331191443546871
0.005470000771366375
0.0056103622311219495
0.005752219123975269
0.0058955118703804335
0.006040178062036565
0.006186152510238469
0.006333367284587657
0.006481751744065087
0.006631232558280891
0.0067817337181841995
0.006933176535120995
0.0070854796313482675
0.007238558915059993
0.0073923275483991375
0.007546695902577232
0.007701571504074335
0.007856858970937235
0.008012459941767199
0.008168272997533924
0.008324193578671861
0.008480113895801805
0.008635922841318635
0.00879150589794821
0.008946745048811527
0.009101518689766695
0.009255701547663166
0.009409164602860804
0.009561775021438668
0.009713396095743825
0.009863887197761866
0.010013103744417235
0.01016089717770742
0.010307114961217622
0.010451600594306344
0.010594193643791473
0.010734729796678838
0.010873040933619993
0.011008955223124513
0.011142297239494779
0.011272888103771929
0.011400545647205444
0.011525084600656894
0.011646316806501649
0.011764051455571144
0.01187809534841829
0.011988253180162249
0.012094327849267
0.01219612078945042
0.012293432323637197
0.012386062040282147
0.012473809190449329
0.012556473105031754
0.01263385363060712
0.012705751583801404
0.012771969222572323
0.012832310731945922
0.012886582726625042
0.012934594763673046
0.012976159869846134
0.013011095077749694
0.013039221971776885
0.013060367241635458
0.013074363242068433
0.013081048556319502
0.013080268564855663
0.013071876011423277
0.013055731571338615
0.013031704414876404
0.012999672764231706
0.01295952444468234
0.012911157421239671
0.01285448032222687
0.012789412945098402
0.012715886737488689
0.012633845255153032
0.012543244585102994
0.012444053735576796
0.012336254983614351
0.012219844175016073
0.012094830974364023
0.011961239055774583
0.01181910623010676
0.011668484503605839
0.011509440063855377
0.01134205318266503
0.011166418038552034
0.010982642448146632
0.010790847508337734
0.010591167140832759
0.010383747541548197
0.01016874653134468
