0.017433543815406422
0.017120382096272445
0.016820698615322108
0.01653355698933477
0.01625810213804055
0.015993551864308668
0.015739189443910437
0.015494357087186234
0.015258450159512093
0.015030912057864356
0.014811229660353047
0.014598929276410445
0.014393573034534535
0.014194755654941174
0.014002101558907217
0.013815262276713269
0.013633914118416636
0.013457756077235747
0.013286507939096456
0.013119908575272716
0.01295771439805635
0.01279969796298124
0.01264564669847698
0.012495361753249992
0.01234865694820974
0.012205357819576691
0.012065300748177727
0.011928332162456552
0.011794307810833326
0.011663092094611128
0.01153455745678317
0.011408583821272529
0.01128505807695356
0.011163873603974025
0.011044929837246305
0.010928131863376081
0.010813390050307582
0.010700619703193647
0.01058974074857053
0.010480677439730267
0.01037335808594573
0.010267714799762028
0.010163683263691006
0.010061202512877131
0.009960214733109207
0.00986066507366226
0.009762501471544886
0.009665674489630228
0.009570137164181765
0.009475844863185189
0.009382755154301061
0.009290827680912018
0.009200024046517217
0.009110307706619523
0.009021643866943027
0.008933999388963242
0.008847342700454012
0.008761643711895549
0.008676873738097949
0.008593005424582625
0.008510012677858664
0.00842787060055569
0.008346555429724256
0.008266044479313422
0.008186316085660734
0.008107349555754276
0.008029125119384656
0.007951623882904844
0.007874827786399509
0.007798719562463945
0.007723282698156123
0.007648501398107825
0.007574360550294109
0.007500845693199525
0.007427942984603574
0.007355639173123161
0.007283921569270051
0.007212778020150838
0.007142196883775858
0.007072167005256756
0.007002677694922489
0.006933718706502271
0.0068652802163558175
0.0067973528048926824
0.006729927437718964
0.0066629954481880835
0.006596548520799088
0.006530578675076541
0.006465078251067295
0.006400039894050029
0.006335456541622193
0.006271321410171621
0.0062076279823469575
0.00614436999550209
0.006081541429895141
0.00601913649823709
0.005957149634930126
0.005895575486480231
0.005834408901887458
