0.993577441982971
5.803656665477102e-05
4.4372953185279094e-05
4.055362973804294e-05
3.920289910662538e-05
3.883508602700703e-05
3.8953954841510605e-05
3.9346788974286984e-05
3.9907061208892795e-05
4.057541896751637e-05
4.13163405634773e-05
4.210796613853125e-05
4.293783402198294e-05
4.3801738892855e-05
4.470264537163872e-05
4.564291559697973e-05
4.661152506340058e-05
4.7587641745782956e-05
4.855475976293675e-05
4.9504150283446934e-05
5.043180541272403e-05
5.133581857519077e-05
5.22151444511965e-05
5.3069157708536785e-05
5.3897649333977635e-05
5.4701241832945776e-05
5.54825720557645e-05
5.62489996354758e-05
5.701725305504778e-05
5.781548555122606e-05
5.866998791826411e-05
5.958328358435175e-05
6.05385163288142e-05
6.15191678728702e-05
6.251541183960408e-05
6.352181709330176e-05
6.453488453663831e-05
6.55518475599581e-05
6.657022112429678e-05
6.758766198889706e-05
6.860193150634035e-05
6.961086985253705e-05
7.061235687139505e-05
7.160426299379763e-05
7.258440411446804e-05
7.355049864033863e-05
7.450013579976834e-05
7.543075993683178e-05
7.63396704555639e-05
7.722401250218577e-05
7.808078073317605e-05
7.890680510627015e-05
7.969873478130514e-05
8.045303082626604e-05
8.116596939405221e-05
8.183366544344927e-05
8.245210461573039e-05
8.301714721346011e-05
8.35244822179061e-05
8.39695625575493e-05
8.434758861872372e-05
8.465362006884713e-05
8.488276823884398e-05
8.503037582434257e-05
8.509216463085077e-05
8.50644949591813e-05
8.494513053117798e-05
8.473498661139154e-05
8.44408695716721e-05
8.407608699160051e-05
8.365487063192977e-05
8.318624830970251e-05
8.267383451179021e-05
8.211817306150686e-05
8.151841923647499e-05
8.087312371925587e-05
8.018054168750283e-05
7.943872752217196e-05
7.864554891400788e-05
7.779860115939249e-05
7.689497395416394e-05
7.593065124157839e-05
7.489930287849919e-05
7.379108376012462e-05
7.259543606222e-05
7.130947076832828e-05
6.993867042349059e-05
6.848829410242205e-05
6.695960309189284e-05
6.535087054377743e-05
6.365874808595078e-05
6.187896673865779e-05
6.0006630150314736e-05
5.803636826740076e-05
5.596262639345905e-05
5.378049802899451e-05
5.148809018358488e-05
4.9092226638128414e-05
4.6617925516349274e-05
