0.003931255628278967
0.004047784990556509
0.004168666213943589
0.004293695857397641
0.004422676280865861
0.00455541406305052
0.004691719149665121
0.004831404555292965
0.004974286469290141
0.005120184642515027
0.005268922943007891
0.005420329996575502
0.005574239831076633
0.005730492468403235
0.005888934413735234
0.00604941900692439
0.006211806609873809
0.0063759646181514845
0.006541767284844986
0.006709095361842925
0.00687783556243081
0.007047879858780018
0.0072191246291993865
0.007391469676999127
0.00756481714018602
0.007739070318673073
0.007914132442268641
0.008089905405464242
0.008266288493280021
0.008443177122817828
0.00862046162261077
0.008798026067357082
0.008975747190185377
0.009153493383281058
0.009331123800431489
0.009508487570063014
0.009685423127107046
0.009861757664619625
0.010037306710563583
0.010211873828816099
0.010385250442453737
0.010557215781718605
0.010727536949687642
0.010895969107530462
0.011062255774204386
0.011226129239972718
0.011387311090447721
0.011545512838413456
0.01170043666090826
0.011851776238312172
0.011999217691406914
0.012142440610090423
0.012281119169116943
0.012414923320942175
0.012543520056451998
0.012666574721690744
0.012783752376807733
0.012894719179814433
0.012999143779194098
0.013096698695748624
0.013187061671886501
0.01326991697152358
0.013344956607122276
0.013411881480010868
0.013470402415244538
0.013520241081865211
0.013561130790617524
0.013592817167369554
0.01361505870680662
0.013627627217301815
0.013630308171132187
0.013622900984916917
0.01360521925338612
0.013577090968283093
0.01353835875320555
0.013488880146456434
0.01342852796295712
0.013357190761707688
0.013274773444916873
0.01318119800083439
0.013076404407223225
0.01296035169094561
0.012833019140601117
0.012694407657225355
0.012544541214432095
0.012383468398106416
0.012211263979636473
0.012028030475271467
0.011833899631224203
0.011629033772065173
0.01141362694702842
0.0111879058009052
0.010952130104257184
0.010706592874098322
0.010451620025554033
0.010187569506801436
0.009914829874214576
0.009633818288912653
0.009344977928828513
