0.002251541916553749
0.0023435444404065905
0.0024379900326048022
0.0025349262456205966
0.0026344003262917313
0.002736459133930427
0.0028411490518645147
0.002948515893948561
0.0030586048050755934
0.003171460154137002
0.0032871254210425664
0.0034056430769881458
0.003527054455584811
0.0036513996183242118
0.0037787172103303374
0.00390904430795132
0.00404241625805432
0.0041788665072491045
0.004318426422448935
0.004461125100906812
0.004606989170106881
0.004756042578077397
0.004908306371615096
0.005063798464462428
0.005222533393867976
0.0053845220653777216
0.0055497714868708815
0.00571828448943878
0.005890059437214315
0.006065089925122284
0.006243364464553957
0.006424866155598709
0.006609572349933145
0.006797454299353683
0.006988476793678206
0.007182597787615874
0.007379768015541963
0.007579930596143655
0.007783020626904032
0.00798896476934055
0.008197680824343731
0.008409077300749714
0.008623052976151874
0.008839496451770724
0.009058285703246306
0.009279287626659976
0.00950235758468458
0.009727338950562964
0.009954062655032363
0.010182346737041145
0.010411995899828573
0.010642801075766354
0.010874539002190764
0.01110697181168441
0.011339846638312704
0.011572895245214695
0.01180583367483456
0.01203836192767499
0.012270163672000409
0.012500905988036602
0.01273023915408682
0.012957796474680604
0.013183194159480492
0.013406031254520556
0.01362588963334232
0.013842334051203574
0.014054912268418667
0.014263155247632556
0.014466577430216582
0.014664677096256344
0.014856936814938044
0.015042823986945175
0.015221791485899297
0.01539327840243267
0.015556710893017993
0.015711503138958798
0.01585705841615565
0.01599277027932462
0.016118023859339966
0.016232197276905315
0.016334663168211663
0.016424790324195936
0.016501945435882695
0.016565494946815907
0.016614807000491935
0.01664925347940418
0.016668212125377044
0.0166710687305908
0.016657219385601486
0.016626072771502097
0.01657705248038404
0.016509599342736693
0.016423173749327797
0.016317257936316897
0.01619135822161101
0.016045007156140052
0.0158777655755825
0.015689224515094115
0.015479006964881914
