0.017381991916526014
0.0011138428244249201
0.0008985505945990162
0.0008595554182714755
0.000868439092116478
0.0008987129036241967
0.0009415699161912126
0.0009934393329925325
0.001052825202127355
0.0011191796923474555
0.0011922448240925091
0.0012715891720360248
0.0013565774089345233
0.0014466476161957799
0.0015414765437357935
0.0016409726428198842
0.00174523957124232
0.001854597892077051
0.0019696823381301813
0.002091523128912174
0.0022213521759217557
0.0023600920540497307
0.0025081116287515312
0.0026654904837135032
0.002832310830628793
0.0030087439503727192
0.0031950311258708663
0.0033914497812508847
0.0035982893125852556
0.0038158361622174135
0.004044364173162441
0.004284127563722597
0.004535355116474242
0.00479824465386183
0.005072956957898256
0.005359608393118441
0.005658261855398065
0.0059689164503469415
0.006291497622454579
0.00662585082531575
0.006971741795431264
0.007328863799800037
0.007696848142713455
0.008075272315486659
0.008463662156274416
0.008861488020624045
0.009268157214586549
0.009683005103456611
0.010105286431753686
0.010534167551928165
0.010968719782651522
0.011407914037057902
0.011850616957248426
0.012295589075500175
0.012741485892711447
0.013186863142012565
0.013630187594516056
0.014069853991902925
0.014504206613539076
0.014931560906136612
0.015350218439204626
0.01575846955246849
0.016154582646450817
0.01653678397261716
0.016903233835913502
0.01725200399400587
0.017581059015243202
0.017888243372126016
0.018171276441069136
0.018427757989151687
0.01865518542402647
0.01885098151629382
0.019012532113411997
0.019137243308028275
0.0192226491787521
0.01926663401698278
0.01926786656285102
0.019226508056407673
0.019144941931746262
0.01902764810499797
0.018879602929875967
0.01870443578219991
0.01850384834017028
0.01827801341105026
0.018026090122597736
0.017746486376324824
0.01743683255489653
0.01709377077349396
0.016712988048002076
0.016290337905469462
0.015823798491904878
0.01531375399950132
0.014761104028540908
0.01416580945772697
0.013526869789179554
0.012843151908370955
0.01211486157402672
0.011345888222683731
0.01054649710291717
