1.2450320528903228e-06
1.450069858272983e-06
1.7061181567969825e-06
2.019336585539356e-06
2.398113311336686e-06
2.8529716578857894e-06
3.3966247525209496e-06
4.04409419045294e-06
4.813000894894181e-06
5.724137815802961e-06
6.8023332719715775e-06
8.077439568869962e-06
9.585193900007159e-06
1.136783034489129e-05
1.3474613703925433e-05
1.596259858026262e-05
1.8897744889028313e-05
2.2356332139849438e-05
2.6426572034412047e-05
3.121037358172073e-05
3.6825278502163375e-05
4.3406588273393496e-05
5.110972221438137e-05
6.011283219693758e-05
7.061970657783184e-05
8.28629822546009e-05
9.710768453829625e-05
0.00011365511067663414
0.00013284706153039033
0.0001550704227064329
0.00018076209637686542
0.00021041426967954754
0.00024458000878758816
0.00028387914863497966
0.0003290044477812959
0.00038072795129980095
0.0004399075025222151
0.0005074933092915438
0.0005845344692397044
0.0006721853089272278
0.0007717113919650527
0.0008844950003778513
0.0010120398767032735
0.0011559749705831498
0.001318056909505301
0.0015001708664283523
0.001704329469958535
0.0019326693649017357
0.0021874449941893235
0.002471019153214459
0.0027858498322615136
0.003134472854726967
0.003519479809505617
0.003943490782840976
0.004409121414397882
0.0049189438479681
0.005475441206205102
0.0060809553042320014
0.0067376274268883905
0.007447332128270764
0.008211604170310572
0.00903155891161294
0.009907806668383243
0.010840361860009466
0.011828548079701635
0.012870900666898
0.013965068903963982
0.0151077205810894
0.01629445235053341
0.01751970985476989
0.018776721892071774
0.02005745256809606
0.02135257434653292
0.02265146312825804
0.02394221455468774
0.02521167968924441
0.02644551967642322
0.027628284389137885
0.028743530265228058
0.029774007194710704
0.03070196185363307
0.03150962151170015
0.03217992860763749
0.03269756912786451
0.033050232891046784
0.033229817277141714
0.033232995493233386
0.03306050891858349
0.03271506609433885
0.03219862900973714
0.03151030860776669
0.030645742520240285
0.029598234628393796
0.028361430998590034
0.026932730948285615
0.025316337262484567
0.02352546146544069
0.021583924212035088
0.019526775781213954
