0.007426669199772135
0.007494990706782806
0.007563158124038009
0.007631163159614317
0.007698997386207303
0.0077666522399361506
0.007834119018964268
0.007901388882289808
0.007968452847553487
0.008035301790617753
0.008101926443744757
0.008168317393848852
0.008234465081484683
0.00830035979941666
0.008365991690894557
0.008431350748191282
0.008496426811641963
0.008561209567612273
0.008625688547382833
0.008689853125410194
0.008753692518211252
0.008817195782513778
0.00888035181422324
0.00894314934615841
0.009005576947763067
0.009067623022302972
0.009129275806474338
0.009190523368546257
0.009251353606067235
0.009311754245938813
0.009371712841561963
0.009431216772088934
0.009490253240608858
0.009548809272778007
0.009606871715437507
0.009664427234886724
0.009721462315460715
0.00977796325820485
0.009833916179241894
0.009889307008309567
0.00994412148743978
0.009998345169317658
0.010051963415740654
0.010104961396595556
0.010157324087760966
0.010209036270212423
0.010260082528312706
0.010310447248599346
0.010360114617935819
0.01040906862243696
0.010457293046153332
0.01050477146929356
0.010551487267248692
0.010597423608859834
0.010642563455445595
0.010686889558903805
0.010730384460845992
0.010773030491106334
0.010814809766615884
0.010855704189598787
0.010895695446843151
0.010934765008107878
0.010972894124966362
0.01101006382968561
0.01104625493393542
0.011081448027341935
0.011115623476705057
0.01114876142483777
0.011180841788952867
0.011211844260059336
0.011241748301770492
0.01127053314890032
0.011298177806940717
0.011324661050790143
0.011349961423373793
0.011374057235633611
0.011396926564755458
0.01141854725352436
0.011438896909460636
0.011457952904005897
0.011475692371826867
0.011492092209679816
0.011507129075750187
0.011520779389657546
0.011533019330471227
0.011543824837227127
0.011553171607446221
0.011561035097452523
0.011567390520870717
0.01157221284899851
0.011575476809703786
0.011577156887431234
0.011577227322357614
0.011575662110804009
0.011572435004218765
0.011567519509167457
0.011560888887247388
0.011552516155001302
0.011542374083717584
