0.01576526459670777
0.015507329660843188
0.015269497433759105
0.015049412507553076
0.014845028397719073
0.014654558987704605
0.014476438891549603
0.01430929088483164
0.014151898980497695
0.014003186045641658
0.013862195092351936
0.013728073560637821
0.013600060047233464
0.013477473051699617
0.01335970138583898
0.013246195969739045
0.013136462780621097
0.01303005676998997
0.01292657659552722
0.012825660039507915
0.012726980010305842
0.012630241039196858
0.012535176200030203
0.012441544390898576
0.012349127926052627
0.01225773039659789
0.012167174762088324
0.012077301642072312
0.0119879677835041
0.011899044678920532
0.011810417318504903
0.01172198305881001
0.01163365059427935
0.011545339019991453
0.01145697697444717
0.01136850185461906
0.011279859095322978
0.01119100150493675
0.01110188865416106
0.011012486309833149
0.010922765912618513
0.010832704092277986
0.01074228221778667
0.010651485980567234
0.010560305006477259
0.010468732495250231
0.010376764885910526
0.010284401544391187
0.010191644474149457
0.010098498046700082
0.010004968750750992
0.00991106496016003
0.00981679671770872
0.009722175535767976
0.009627214210279705
0.009531926650136274
0.009436327719087251
0.009340433090112978
0.009244259111639078
0.009147822685090236
0.009051141152238932
0.008954232192924407
0.008857113732091998
0.008759803855085494
0.00866232073205158
0.008564682548698589
0.008466907445554915
0.008369013463103056
0.008271018494267198
0.008172940241317156
0.008074796179638365
0.00797660352544125
0.007878379208757478
0.007780139851044749
0.007681901745323228
0.007583680841436154
0.007485492734330557
0.007387352653471584
0.007289275457531103
0.0071912756294765685
0.007093367274401691
0.0069955641186487064
0.006897879511456598
0.006800326426399652
0.0067029174652203805
0.00660566486151081
0.00650858048536093
0.006411675849027944
0.006314962111302238
0.006218450083535037
0.006122150235079367
0.006026072698181399
0.005930227272767766
0.0058346234313002565
0.005739270322441063
0.005644176774718731
0.005549351298388721
0.005454802088627009
0.0053605370263243145
