0.0010238338251365759
0.0010872816700485534
0.0011538062521328912
0.0012235209430385822
0.0012965405717512838
0.0013729815693958392
0.0014529621392738129
0.0015366024407487415
0.0016240247756174504
0.0017153537657285153
0.0018107165105325413
0.0019102427114193092
0.002014064751368871
0.0021223177223787058
0.002235139387634184
0.0023526700747202828
0.002475052492070633
0.0026024314635972124
0.002734953580805142
0.0028727667692271786
0.003016019768056977
0.003164861526101877
0.003319440512906138
0.003479903947675009
0.0036463969487934124
0.0038190616050694627
0.003998035971731692
0.004183452992597364
0.004375439350826961
0.004574114249613516
0.004779588124329429
0.004991961287327549
0.005211322506722273
0.005437747519625732
0.005671297483233823
0.005912017362498509
0.0061599342589986296
0.006415055682025148
0.006677367766341212
0.006946833439465352
0.007223390545793134
0.007506949930418112
0.007797393493603433
0.008094572222799638
0.008398304212419156
0.008708372684386121
0.009024524022896383
0.009346465836340894
0.009673865069009316
0.01000634617599567
0.010343489387227903
0.010684829081468136
0.011029852297364562
0.011377997408298824
0.011728652990068741
0.012081156913653739
0.012434795694550319
0.012788804131974533
0.013142365273164695
0.013494610733733692
0.01384462141096751
0.014191428618220966
0.014534015670175588
0.014871319944437137
0.01520223543986267
0.015525615845814592
0.015840278132601863
0.01614500666053238
0.016438557805469788
0.016719665081278437
0.01698704473978187
0.017239401813930383
0.01747543657243687
0.017693851337665607
0.017893357626603705
0.01807268356449311
0.018230581527281166
0.018365835965231458
0.018477271368225804
0.018563760334686367
0.01862423170804035
0.018657678745898243
0.01866316729086513
0.018639843897790963
0.018586943872818864
0.018503799159914056
0.018389845992329658
0.01824463220811238
0.018067824099658368
0.01785921263896814
0.017618718903560874
0.01734639848970699
0.017042444701260852
0.01670719027743396
0.016341107429943134
0.015944805978404065
0.015519029392080339
0.015064648581309745
0.014582653346099542
