0.013558765150315179
0.0134680073581976
0.01338016186896002
0.013294979417794037
0.01321223032580628
0.013131702698398784
0.013053200820871462
0.012976543725722964
0.012901563911921746
0.012828106197218114
0.012756026687555268
0.012685191850594617
0.012615477679969588
0.01254676894230584
0.012478958495571442
0.012411946671697757
0.012345640717130176
0.0122799542834298
0.012214806965667317
0.012150123879584652
0.012085835276650093
0.012021876193110795
0.01195818612651177
0.011894708741099965
0.011831391596801204
0.011768185899298247
0.011705046271181543
0.011641930539968218
0.011578799542755562
0.01151561694570605
0.011452349077211337
0.011388964772089545
0.011325435228185386
0.011261733872988487
0.011197836238191844
0.011133719844529492
0.011069364092832015
0.011004750163079951
0.010939860919696481
0.010874680822502173
0.010809195843505238
0.010743393388704845
0.010677262224049869
0.010610792406558834
0.01054397521808213
0.010476803104132834
0.010409269615045139
0.010341369350052834
0.010273097905917628
0.010204451825777028
0.010135428552233913
0.01006602638230076
0.009996244424022735
0.009926082555662366
0.009855541386609724
0.009784622219155444
0.009713327013634981
0.009641658353465058
0.009569619412078421
0.009497213921647684
0.009424446142458432
0.009351320833637914
0.009277843225007486
0.009204018990439074
0.009129854221019605
0.00905535540050514
0.008980529380546361
0.008905383357548837
0.008829924849764983
0.008754161675571439
0.008678101932310202
0.008601753975563335
0.00852512639929294
0.008448228017182206
0.008371067843010763
0.008293655073784956
0.008215999071348519
0.008138109346204741
0.008059995540292925
0.007981667412134321
0.00790313482022485
0.007824407709312033
0.0077454960947875165
0.0076664100496913285
0.00758715969025702
0.007507755163079618
0.007428206632858867
0.007348524268648902
0.007268718233524374
0.007188798671714006
0.007108775697803018
0.007028659386197913
0.0069484597598449055
0.006868186780507189
0.006787850339109292
0.006707460245423701
0.006627026219810589
0.006546557883604109
0.006466064750588112
