3.8318019848142086e-08
4.2335028150903165e-08
5.030260882057111e-08
6.163886166282934e-08
7.67219217537177e-08
9.633544884301301e-08
1.2152311024496171e-07
1.5356623559695422e-07
1.9406531174593917e-07
2.4509095121721513e-07
3.093508541668322e-07
3.902936855034486e-07
4.921779243606235e-07
6.202360858132837e-07
7.809319610763209e-07
9.822609310535771e-07
1.2341024805409486e-06
1.5486323054961356e-06
1.9408152753466615e-06
2.4290022578420524e-06
3.0356455293653953e-06
3.7881595081635253e-06
4.719954863133691e-06
5.871669807577524e-06
7.292630278699617e-06
9.042576700778833e-06
1.1193697591263942e-05
1.3833017167287599e-05
1.7065190846130105e-05
2.1015766183214734e-05
2.5834971261773072e-05
3.170210129285853e-05
3.88305724141275e-05
4.747372104139334e-05
5.793142734690526e-05
7.055763940774562e-05
8.576887936368474e-05
0.0001040537994328416
0.00012598385379853033
0.0001522251404308431
0.0001835514366851877
0.00022085844070024468
0.0002651791876916726
0.0003177005693672065
0.00037978082963737966
0.0004529678477641572
0.0005390179356601111
0.0006399147902633579
0.0007578881264488581
0.0008954314071900318
0.0010553179350982118
0.0012406144395619794
0.0014546911109449626
0.001701226893834444
0.001984208649983538
0.002307922669538659
0.002676936822713239
0.003096071540808726
0.0035703576930853414
0.004104979371067561
0.004705199587327715
0.005376266958796394
0.0061233016296059865
0.00695115902647057
0.007864270560764292
0.00886646116298991
0.009960744427529892
0.011149097168095675
0.012432216006456692
0.013809259280004312
0.015277578075116148
0.016832441241426393
0.01846676174858307
0.020170836752276967
0.0219321214236614
0.023735065360427583
0.025561045198443162
0.027388419202727592
0.02919270029013229
0.03094679671650831
0.03262123454390976
0.034184300552080084
0.035602151214646494
0.03683909341780928
0.03785841322013357
0.038624311116372975
0.039105685356339764
0.03928225886882413
0.03915124753419872
0.03872764791057033
0.03803205252782723
0.03707410955311655
0.03584439081990072
0.034316571668199444
0.03246014537654693
0.030261370384027472
0.027735623891970835
0.02492743651714882
0.021916567895844764
