0.9980824323999843
5.554435318184235e-05
4.074287863857997e-05
3.583010787381597e-05
3.3430748510301365e-05
3.2041446224148927e-05
3.114933286752023e-05
3.053045971218327e-05
3.007191139131853e-05
2.9711197888372708e-05
2.9411402653394066e-05
2.9149632209498672e-05
2.891114970766166e-05
2.868619183720941e-05
2.846814799179736e-05
2.8252475487194723e-05
2.8036027082083775e-05
2.7816621396933752e-05
2.7592762314863038e-05
2.7363449118131003e-05
2.7128048143461082e-05
2.6886203466177856e-05
2.6637777970925666e-05
2.6382813003379038e-05
2.612150397114017e-05
2.585418514120539e-05
2.5581311300237315e-05
2.5303424112904397e-05
2.5021079511913316e-05
2.4734731173000534e-05
2.4444607336877464e-05
2.415066319652202e-05
2.3852664579492662e-05
2.3550360865778025e-05
2.3243639804300822e-05
2.2932609193318915e-05
2.261761120441714e-05
2.2299197606733126e-05
2.1978081880186596e-05
2.1655067551878413e-05
2.133096600948669e-05
2.100652017988639e-05
2.068236425879187e-05
2.0359014680918962e-05
2.003688754476338e-05
1.9716321058450935e-05
1.939760150523739e-05
1.90809826420666e-05
1.8766704549081494e-05
1.845501273044834e-05
1.8146178643217175e-05
1.784052687442698e-05
1.7538469927811678e-05
1.724055757422436e-05
1.6947531455422028e-05
1.6660381199061174e-05
1.638036480691693e-05
1.6108936622877946e-05
1.5847520995108626e-05
1.5597136186692328e-05
1.535803429984838e-05
1.512959845230404e-05
1.4910582605641991e-05
1.469950901549019e-05
1.4494979426687276e-05
1.4295810766553467e-05
1.4101040343553489e-05
1.3909883335583587e-05
1.3721694968721737e-05
1.3535957165129394e-05
1.3352272120346513e-05
1.3170344850818351e-05
1.2989943288249801e-05
1.2810859375939003e-05
1.2632878950861877e-05
1.2455773595342352e-05
1.2279298757905458e-05
1.2103197339155853e-05
1.1927205200749895e-05
1.175105412526668e-05
1.1574474273847081e-05
1.1397195390605987e-05
1.1218947671618669e-05
1.1039462506200263e-05
1.0858471939434296e-05
1.0675708381776115e-05
1.0490906838697297e-05
1.0303803080576777e-05
1.0114136436339565e-05
9.921652567110146e-06
9.726108317798105e-06
9.527281221582622e-06
9.32498547150018e-06
9.119095784181351e-06
8.909587035267262e-06
8.69658583261087e-06
8.480431591799066e-06
8.261727201506314e-06
8.041343533003142e-06
