0.003637955203634421
0.0037492410657024265
0.003862258425290195
0.003977013300706407
0.0040935102970916445
0.004211752541597142
0.004331741618303625
0.004453477498675596
0.004576958470484565
0.004702181065541814
0.004829139984116382
0.0049578280163296296
0.005088235963129226
0.0052203525535986115
0.005354164360426085
0.005489655712869638
0.005626808607591008
0.005765602617255642
0.005906014796723894
0.006048019587428767
0.006191588719427637
0.006336691110443648
0.006483292765673895
0.006631356672585352
0.006780842695395563
0.00693170746833103
0.007083904287218112
0.007237382998429965
0.00739208988934794
0.0075479675749594455
0.0077049548863421125
0.007862986757129639
0.008021994110650897
0.008181903746787664
0.008342638230165279
0.00850411577769817
0.008666250149227643
0.008828950538551282
0.008992121467064563
0.009155662680125248
0.009319469045700373
0.009483430458416283
0.009647431745392386
0.009811352579027962
0.009975067393873696
0.010138445309812656
0.010301350062649126
0.010463639941063106
0.010625167732743062
0.010785780678532366
0.010945320436923067
0.011103623059063419
0.011260518974457182
0.011415832989441448
0.011569384298653373
0.01172098650977037
0.01187044768411064
0.012017570391375323
0.012162151782228499
0.012303983677046734
0.012442852674116763
0.012578540275434674
0.012710823032994683
0.012839472715907182
0.012964256497668077
0.013084937166554724
0.013201273357941695
0.013313019808491968
0.01341992763640784
0.013521744642439352
0.013618215637275595
0.013709082791521904
0.013794086010744083
0.013872963334099046
0.013945451356932072
0.01401128567619549
0.014070201359205373
0.014121933433680409
0.014166217399474079
0.014202789759226628
0.014231388567252635
0.014251753996780258
0.014263628919752894
0.014266759501437798
0.014260895804346248
0.01424579240087883
0.014221208990683265
0.014186911021081005
0.01414267030532425
0.014088265636976014
0.014023483396948751
0.013948118146327121
0.013861973204716984
0.013764861207859948
0.013656604638806023
0.013537036331704827
0.013405999937666732
0.013263350354264085
0.013108954108480921
