0.008166998975318718
0.008228734728411949
0.008297134550381073
0.008371298315844216
0.008450423922596465
0.008533790297861695
0.008620744308937079
0.008710690635291313
0.008803083899411505
0.008897422525695965
0.008993243922706156
0.009090120674705344
0.009187657501212788
0.0092854887945106
0.009383276585758852
0.009480708827005958
0.009577497894995913
0.009673379253028842
0.009768110214218991
0.009861468769264688
0.009953252451377022
0.01004327721865036
0.010131376340892987
0.010217399287205255
0.010301210608407265
0.010382688819200162
0.01046172528088771
0.010538223092035936
0.010612095991668475
0.010683267285738969
0.010751668800391127
0.010817239872512726
0.010879926384633705
0.010939679849168452
0.010996456551153186
0.011050216751406319
0.011100923956920371
0.011148544259998415
0.011193045748884524
0.011234397990739033
0.01127257158561373
0.011307537790576184
0.011339268211971724
0.011367734560007503
0.011392908462993644
0.011414761335795089
0.01143326429492441
0.011448388115819233
0.011460103224660432
0.011468379718629141
0.011473187407341864
0.011474495870758859
0.011472274526411433
0.011466492701704634
0.011457119706828438
0.011444124905296909
0.011427477779684836
0.011407147989638574
0.011383105423505529
0.011355320243743073
0.011323762926049289
0.011288404296054561
0.01124921556541082
0.011206168370826365
0.011159234819701854
0.011108387547451795
0.011053599788846898
0.010994845468321263
0.01093209931451162
0.01086533699897552
0.010794535306376231
0.010719672333940843
0.010640727727339363
0.010557682947055478
0.01047052157323728
0.010379229640751114
0.010283796009129223
0.0101842127602391
0.010080475623245322
0.009972584421915965
0.009860543538106035
0.009744362387191986
0.009624055897376986
0.009499644987170664
0.00937115702974462
0.009238626299387969
0.009102094388660567
0.008961610585897077
0.008817232206074218
0.008669024861462132
0.008517062667606313
0.008361428369140939
0.008202213383758039
0.008039517751415193
0.007873449986067909
0.007704126823865681
0.007531672866838616
0.0073562201189480035
0.007177907416643131
