0.011468721990791042
0.011427365158362275
0.011395551094956784
0.011371969921802373
0.011355473038983143
0.01134504723557607
0.011339793906074614
0.01133891224884317
0.011341685595979067
0.011347470221191794
0.011355686120454584
0.011365809373037172
0.011377365772643415
0.011389925483558832
0.01140309852907417
0.011416530952242949
0.01142990152830819
0.011442918924749041
0.011455319226722853
0.011466863764462324
0.011477337185634586
0.011486545731806913
0.011494315681495696
0.011500491932565105
0.011504936699896363
0.011507528310820428
0.011508160082706647
0.011506739269925959
0.011503186073268785
0.011497432701789488
0.01148942248207197
0.01147910901175125
0.011466455351552914
0.011451433254757212
0.011434022431104524
0.011414209845127374
0.011391989045429516
0.01136735952609515
0.011340326117925192
0.011310898411431396
0.01127909020741593
0.01124491899849631
0.011208405478552688
0.011169573081818453
0.011128447549076888
0.01108505652296005
0.011039429170159838
0.010991595831366885
0.010941587696984915
0.010889436510937931
0.01083517429891406
0.010778833122445531
0.010720444858227495
0.010660041001638018
0.010597652493719262
0.010533309572172748
0.010467041643762495
0.010398877179846335
0.010328843632460465
0.010256967370710107
0.01018327363808868
0.010107786527687242
0.010030528975562619
0.009951522772966143
0.009870788592963519
0.009788346034425325
0.009704213679335322
0.009618409164641592
0.009530949266233282
0.009441849994663236
0.009351126701035934
0.009258794192305051
0.0091648668550935
0.009069358785878844
0.008972283927068295
0.008873656207299008
0.00877348968511011
0.008671798694444989
0.008568597989669672
0.008463902890978009
0.00835772942571235
0.008250094467227902
0.008141015867836892
0.008030512585315836
0.007918604800743476
0.00780531402782763
0.007690663210483642
0.007574676808999985
0.007457380872671349
0.007338803097785907
0.007218972870702243
0.007097921294038299
0.00697568119632333
0.006852287123517461
0.006727775312981707
0.006602183648740274
0.006475551598493676
0.006347920132887794
0.006219331626325649
