0.6844474878415998
0.005736987158021809
0.004282699981825216
0.0038248837214616143
0.00362092756411667
0.0035191233684344035
0.003467662106262442
0.003443869209291383
0.0034362626929758384
0.003438446822260553
0.0034466112261200697
0.0034583701182739133
0.0034721739520603475
0.0034869916069981493
0.0035021303450222074
0.0035171294195228803
0.003531692864163054
0.0035456398040412244
0.0035588569805836082
0.0035712462513764038
0.0035826751236564458
0.003592953036443645
0.00360184888546578
0.0036091356480278504
0.0036146307083707637
0.003618213577541576
0.003619823670229475
0.00361944908967055
0.0036171149961679826
0.00361287560052647
0.003606811010684505
0.003599029159130635
0.0035896729238263218
0.0035789324806360188
0.0035670620040375643
0.0035543968949977335
0.003541361659587687
0.003528450902663038
0.003516165406708859
0.003504906783706097
0.0034948755932593086
0.0034860365132399385
0.00347817148520534
0.003470977207976459
0.0034641477794455627
0.003457416738415432
0.00345056591856693
0.003443418173097267
0.0034358262216122844
0.003427663177638202
0.0034188162988798387
0.0034091839087278288
0.003398675142301856
0.003387212319750343
0.0033747359068197836
0.0033612118480694686
0.00334664009450741
0.003331061244027243
0.0033145562064103725
0.00329723454051524
0.003279212882252566
0.0032605920499145387
0.0032414421975775305
0.003221799032574753
0.0032016678423960176
0.003181030544138153
0.0031598525325665988
0.003138088038283109
0.003115683830096124
0.003092581510621654
0.0030687187212867575
0.0030440294513273776
0.0030184435476650726
0.0029918854357322165
0.002964272130669068
0.0029355109906391424
0.002905498560314244
0.0028741231082408565
0.0028412736825203623
0.002806855035203216
0.002770800929461295
0.002733075929728595
0.0026936641016754186
0.002652553198912875
0.0026097232304442787
0.0025651418328540157
0.0025187643336707223
0.002470535841551065
0.002420393867056206
0.0023682711201432425
0.0023140988392836774
0.002257811489238849
0.0021993540805730774
0.0021386937881761143
0.0020758377867873324
0.0020108584453579254
0.0019439238989985988
0.0018753250940766097
0.0018054820614954485
