0.012063371715548523
0.012039225569078778
0.012015425114254102
0.011991885014813608
0.011968525446149049
0.01194527168388892
0.011922053732339222
0.011898805987585217
0.011875466931877621
0.011851978854756294
0.011828287599776685
0.011804342333083837
0.011780095332585802
0.011755501795215555
0.01173051965889306
0.011705109441656788
0.011679234092155325
0.01165285885343303
0.01162595113629474
0.011598480403419481
0.011570418062092339
0.01154173736580662
0.011512413321700901
0.011482422605860501
0.011451743484702062
0.011420355741354643
0.011388240607680226
0.011355380700098233
0.011321759960843395
0.01128736360176802
0.011252178052678318
0.011216190912248186
0.011179390902178274
0.011141767823847832
0.011103312517416798
0.011064016823862283
0.011023873547501874
0.010982876422011666
0.010941020077403052
0.010898300008694777
0.010854712545618626
0.010810254824761495
0.010764924761457092
0.01071872102419582
0.010671643008662655
0.010623690814196484
0.010574865219729
0.010525167661362288
0.010474600210556486
0.010423165552483182
0.01037086696557959
0.01031770830162974
0.01026369396563202
0.010208828897228083
0.010153118551695681
0.010096568881662077
0.010039186319202097
0.0099809777585683
0.00992195053848977
0.00986211242545154
0.009801471597295455
0.009740036626168715
0.009677816463030694
0.009614820421409593
0.009551058161474208
0.009486539675031354
0.00942127527004156
0.009355275555157192
0.009288551425370332
0.0092211140466752
0.009152974841924913
0.009084145476238576
0.009014637842547467
0.008944464047990966
0.00887363639925281
0.008802167389288127
0.008730069683747056
0.008657356106824513
0.008584039628689904
0.008510133351769873
0.008435650497839394
0.008360604395353955
0.008285008465922747
0.008208876213090925
0.00813222120825698
0.008055057079834652
0.007977397499932643
0.007899256173155081
0.007820646824614797
0.007741583188084723
0.007662078994508921
0.007582147960787235
0.0075018037784282164
0.00742106010274163
0.007339930541925266
0.0072584286458774756
0.007176567896618889
0.007094361697186493
0.007011823361426195
