0.01416359824364216
0.013990506503310367
0.013834100608320632
0.013692245772670537
0.013563094381033623
0.013445038716772838
0.013336672918659509
0.013236762127708223
0.013144217295458904
0.013058074475666091
0.012977477699322263
0.012901664726850615
0.012829955127608424
0.01276174024988383
0.012696474739340123
0.012633669325161544
0.012572884653905842
0.012513725992156229
0.012455838648795747
0.012398904000715836
0.012342636022905895
0.012286778242454834
0.012231101050089507
0.012175399316290927
0.01211949026281358
0.012063211555954734
0.012006419586943025
0.011948987913802618
0.01189080584520531
0.011831777143658323
0.011771818836734487
0.011710860120440848
0.011648841345805114
0.01158571307926378
0.011521435227890843
0.011455976225353605
0.01138931227102852
0.011321426619023911
0.011252308912443505
0.011181954561010846
0.011110364156301114
0.01103754292631699
0.010963500223755206
0.010888249047251703
0.010811805595245942
0.01073418884941318
0.010655420186681702
0.010575523019186595
0.010494522461554646
0.0104124450223202
0.010329318320883399
0.010245170827928033
0.010160031628332776
0.010073930206230323
0.009986896250715223
0.009898959481804281
0.009810149495563518
0.009720495627375097
0.00963002683322675
0.00953877158658007
0.009446757792263722
0.009354012714094152
0.00926056291718988
0.009166434222977188
0.009071651676762622
0.008976239526737147
0.008880221212797822
0.008783619366706717
0.008686455818789539
0.008588751614824993
0.008490527039163852
0.008391801643794711
0.008292594284309627
0.00819292315920508
0.008092805854910021
0.007992259392676537
0.00789130027878707
0.007789944557007537
0.007688207861266506
0.007586105470208064
0.007483652360401894
0.007380863260177903
0.007277752701057163
0.007174335068084225
0.007070624647780002
0.006966635673491089
0.006862382366899186
0.0067578789763578714
0.00665313981164472
0.006548179273590605
0.006443011879249712
0.006337652282742984
0.006232115290991216
0.006126415873617533
0.006020569168025748
0.0059145904797601
0.005808495276302262
0.005702299176837565
0.00559601793558902
