0.00402952564926781
0.004152742536857026
0.004278938651541452
0.004408033029684199
0.004539942192131823
0.004674580088023376
0.004811858158606804
0.004951685488917065
0.005093969030313272
0.00523861386550224
0.00538552350064355
0.005534600159676549
0.005685745073135048
0.00583885873658292
0.00599384113576532
0.006150591922898689
0.006309010537831972
0.006468996269776699
0.006630448255492929
0.006793265410874632
0.0069573463012846375
0.007122588946979775
0.007288890572609995
0.007456147301982613
0.007624253807258934
0.0077931029162071
0.007962585188012135
0.00813258846357076
0.008302997399669176
0.008473692993934547
0.00864455210924822
0.008815447005695521
0.008986244886938848
0.009156807468317903
0.00932699057260077
0.009496643759888465
0.009665609997160929
0.009833725370878354
0.010000818848718195
0.010166712092126795
0.010331219324614314
0.010494147255822466
0.01065529506627361
0.01081445445220176
0.010971409731981475
0.01112593801531307
0.011277809435031913
0.011426787440911827
0.01157262915451022
0.01171508578490425
0.011853903101780361
0.011988821964002475
0.012119578902655921
0.012245906750634073
0.012367535319750936
0.01248419211631295
0.012595603093200031
0.01270149343098669
0.012801588343471426
0.012895613900229157
0.012983297861625501
0.013064370519564654
0.013138565537927764
0.013205620788977452
0.013265279179386835
0.013317289463535525
0.013361407042464347
0.013397394743616984
0.013425023584506646
0.013444073519174926
0.013454334170237697
0.013455605547688649
0.013447698760890737
0.013430436724912495
0.013403654867481466
0.013367201840739753
0.013320940240111642
0.013264747334778363
0.01319851581108916
0.013122154529183711
0.013035589288656666
0.012938763603094578
0.01283163947454591
0.012714198158700432
0.012586440909590144
0.01244838968997013
0.012300087831407425
0.012141600621688535
0.011973015804376258
0.01179444396413746
0.011606018777901196
0.011407897107694449
0.011200258914623156
0.010983306972392325
0.010757266362392593
0.010522383735808502
0.010278926329013434
0.01002718072796251
0.009767451376735162
