0.010091144293838795
0.010118563974395006
0.010145144162953038
0.010170884787046483
0.01019578571677236
0.010219846770423278
0.01024306771865717
0.010265448290803737
0.010286988178353646
0.010307687040115388
0.010327544506479736
0.01034656018323596
0.010364733656491041
0.010382064496180614
0.010398552259477773
0.010414196495161454
0.010428996746728734
0.010442952556398372
0.010456063467544274
0.010468329029079971
0.010479748797354131
0.010490322340466582
0.010500049240193553
0.010508929095430277
0.01051696152464151
0.010524146168783968
0.010530482693708211
0.010535970793023132
0.010540610190185047
0.010544400640924524
0.010547341935901546
0.010549433902444625
0.010550676407174664
0.010551069357958525
0.010550612705724506
0.010549306446800483
0.010547150624546352
0.010544145331538399
0.010540290711177087
0.010535586959313335
0.01053003432607657
0.010523633117732736
0.010516383697912152
0.010508286489453718
0.010499341975453613
0.01048955070107693
0.010478913274933528
0.010467430370238633
0.010455102726083815
0.010441931148776722
0.010427916513055203
0.010413059762921962
0.01039736191325813
0.010380824050084976
0.010363447332443154
0.010345232992800256
0.010326182337785752
0.010306296749371944
0.010285577685995277
0.010264026682269221
0.01024164535075033
0.010218435381868006
0.010194398544956662
0.010169536688873949
0.010143851741970395
0.010117345713073522
0.010090020691881094
0.010061878849029988
0.010032922436663096
0.010003153788527728
0.009972575320705751
0.009941189531135847
0.009908998999975353
0.009876006390037767
0.009842214446439122
0.009807625996690281
0.009772243951021957
0.009736071301276116
0.00969911112222524
0.009661366570188618
0.00962284088328429
0.009583537381322952
0.009543459464751911
0.009502610615170954
0.009460994394401394
0.009418614444215781
0.009375474485189744
0.009331578317392921
0.009286929818527377
0.009241532943961787
0.009195391725594942
0.009148510271575375
0.009100892764972241
0.00905254346352787
0.009003466698053497
0.008953666871763334
0.008903148459557366
0.008851916006805181
0.008799974127792489
