0.007093830754610541
0.007187079756832329
0.007279978035580751
0.007372506756442752
0.007464646574964908
0.0075563776389734535
0.007647679594219335
0.007738531588128273
0.007828912273722843
0.00791879981456589
0.008008171889236873
0.008097005695584886
0.008185277956791588
0.008272964924677275
0.008360042386296722
0.008446485669022048
0.008532269645725392
0.008617368741662353
0.008701756939378327
0.008785407786098211
0.008868294399981385
0.008950389477035352
0.009031665298751964
0.009112093739257556
0.009191646273279975
0.009270293984566793
0.009348007574464584
0.009424757370379436
0.009500513336015258
0.009575245079850973
0.009648921865944007
0.009721512624612808
0.009792985961985448
0.009863310172741288
0.009932453250719854
0.010000382901407949
0.010067066554403386
0.010132471375906801
0.010196564282732024
0.010259311955348911
0.010320680852622343
0.010380637225978125
0.01043914713483598
0.01049617646208581
0.010551690929751367
0.010605656115405891
0.01065803746931561
0.010708800331483248
0.0107579099492342
0.010805331495387416
0.010851030086662324
0.010894970802917759
0.010937118706251013
0.01097743886055228
0.011015896351996814
0.011052456309269572
0.011087083924628578
0.011119744474533726
0.011150403342049815
0.011179026037927158
0.011205578223188847
0.011230025731449446
0.01125233459144319
0.011272471050229861
0.011290401596207778
0.011306092982301138
0.01131951224993355
0.011330626752422626
0.011339404178431805
0.011345812576748951
0.011349820379509844
0.011351396426208114
0.011350509988076981
0.011347130791668759
0.0113412290430358
0.011332775451118602
0.011321741251657923
0.011308098230456295
0.011291818746692654
0.011272875755895364
0.011251242832137843
0.011226894191056111
0.011199804710979009
0.011169949954788934
0.011137306190688761
0.01110185041250924
0.011063560359421392
0.011022414535810179
0.010978392228510284
0.01093147352510681
0.010881639331163847
0.01082887138568939
0.010773152276214577
0.010714465453629914
0.010652795244094938
0.010588126862823078
0.010520446423226254
0.010449740947200564
0.010375998374029161
