0.012859090656197919
0.012694227594818532
0.012557841155628184
0.012445119867982052
0.01235215708821808
0.012275732584213304
0.012213156900987033
0.012162158296705458
0.012120799184960895
0.012087413422689888
0.012060558573561893
0.01203897908634934
0.012021577527727477
0.0120073918265396
0.011995577043055908
0.011985390577241186
0.011976180008674751
0.011967372964444138
0.01195846856150539
0.011949030083228512
0.011938678625467498
0.011927087518403413
0.011913977370159888
0.011899111619408433
0.011882292507298746
0.01186335740096756
0.011842175418430799
0.011818644313573733
0.011792687590474298
0.011764251823170375
0.011733304161694623
0.011699830008791256
0.011663830854153661
0.011625322257265744
0.011584331968261294
0.011540898180316074
0.011495067905925985
0.01144689547142129
0.011396441125003015
0.01134376975102637
0.011288949687544451
0.011232051643218133
0.011173147707384104
0.0111123104503774
0.01104961211177351
0.010985123870002738
0.010918915191870337
0.010851053258427758
0.010781602463570114
0.01071062398048924
0.010638175396778807
0.010564310409886028
0.010489078583736287
0.010412525162011417
0.010334690933688714
0.010255612149974397
0.01017532048786158
0.010093843058362922
0.010011202455561382
0.009927416844046777
0.009842500082439164
0.00975646187856334
0.009669307976138632
0.009581040367428583
0.009491657532125101
0.009401154698593579
0.009309524125205184
0.009216755400847843
0.00912283576019954
0.009027750414977347
0.008931482896560655
0.008834015409380017
0.00873532919355264
0.008635404893717486
0.008534222934872113
0.008431763900475595
0.008328008912724366
0.008222940014053734
0.008116540545282533
0.00800879552006932
0.007899691994237156
0.007789219424199368
0.007677370015389062
0.007564139054973846
0.007449525226496831
0.007333530902858395
0.007216162414057288
0.007097430284521766
0.006977349436962493
0.006855939358815929
0.006733224226032786
0.006609232981012217
0.0064839993621975105
0.006357561880821299
0.00622996374323995
0.0061012527193701396
0.005971480953198459
0.005840704718793552
0.0057089841237200735
