0.9999786897274408
3.8534796255609117e-07
2.893627712425774e-07
2.598809753686194e-07
2.4696268798059415e-07
2.4055315103817383e-07
2.3729949204289682e-07
2.3576901893628268e-07
2.3524772012026532e-07
2.353398149688328e-07
2.358084935619527e-07
2.36503574438394e-07
2.3732526909346703e-07
2.382055468471618e-07
2.39096747442787e-07
2.399667129622004e-07
2.407936776227595e-07
2.415696293971062e-07
2.423020984125889e-07
2.430150979925033e-07
2.437274530906794e-07
2.4441410657728585e-07
2.450191136328314e-07
2.4549973017723073e-07
2.458370386968948e-07
2.4602627656175466e-07
2.4606880650950534e-07
2.4596775661480297e-07
2.4572745372450496e-07
2.453517200112922e-07
2.448456257467057e-07
2.4421315330999107e-07
2.434586885076992e-07
2.4258705858525855e-07
2.4160484256535546e-07
2.405204337856099e-07
2.3935208579086993e-07
2.3813682262032484e-07
2.3694779463917504e-07
2.3589557356954122e-07
2.3506254027009566e-07
2.3442646570455904e-07
2.339053052818126e-07
2.334331927193083e-07
2.3297479192883416e-07
2.3251214717188756e-07
2.3203413998768523e-07
2.3153309590658605e-07
2.3100117197516034e-07
2.3043176502993783e-07
2.298174575668514e-07
2.2915182908609828e-07
2.2842738352443465e-07
2.276371137662781e-07
2.2677482153168976e-07
2.2583378565698128e-07
2.2481002169227218e-07
2.2370479037392596e-07
2.2252678007707803e-07
2.2129456804247372e-07
2.2002860937134383e-07
2.187396534964105e-07
2.1743148532376987e-07
2.1610307594664293e-07
2.1475055088243683e-07
2.1337125345232401e-07
2.1195927994549844e-07
2.1051204380062242e-07
2.0902431521486816e-07
2.0749203837891304e-07
2.059102535104458e-07
2.04275375168502e-07
2.0258221520463357e-07
2.0082603713051968e-07
1.9900268834568508e-07
1.971062720190382e-07
1.9512935134614648e-07
1.9306254375355214e-07
1.908896544661882e-07
1.8859552644276641e-07
1.8617486754902093e-07
1.836346911510215e-07
1.8098358305626363e-07
1.7822333709651676e-07
1.753521375103064e-07
1.723673627028974e-07
1.692646153592291e-07
1.6603884007375057e-07
1.6268516958931707e-07
1.5919805013008967e-07
1.5557116042318193e-07
1.5179882578226907e-07
1.4787282097125644e-07
1.437870623063287e-07
1.3953300705301313e-07
1.3510535977258515e-07
1.3050341097996772e-07
1.2573948125655472e-07
1.20853618852068e-07
