1.0000000000590243
2.299687823762613e-14
8.377103755818774e-14
3.654068794236003e-15
2.0481807405431287e-13
-1.4645782416694564e-14
6.048868274755731e-14
1.3681778285182591e-13
4.6201198655683104e-14
1.1187026036974836e-13
4.978385664323494e-14
-1.1228546575609705e-14
3.802262798775595e-14
1.1303818666687226e-13
-4.5001420531610645e-15
7.772197124712894e-14
5.788140776272427e-14
2.047761357590284e-14
3.104939833278235e-14
4.2613441768016814e-14
9.848081458459679e-14
4.7440534912458233e-14
-2.435230650081133e-14
9.055728341950554e-14
1.0841669867368755e-13
1.0678435607004537e-13
3.737488834046343e-15
8.086349786388253e-14
2.0172435228303642e-14
2.1555935476261917e-13
9.103148465063049e-14
1.3592177784769316e-13
1.6076496281132793e-13
2.7414112917668182e-14
8.612528686101698e-14
5.539675434953345e-14
5.957411755748432e-14
-2.93421970748442e-14
1.0519486486320478e-13
1.1860984742116665e-13
1.541931187766521e-13
1.5246628287148012e-13
1.2368668508020222e-13
3.903411068765378e-14
3.6570071515300284e-14
-2.5026794601545194e-14
1.385607801456315e-13
8.52860804981953e-14
-3.4480339590470255e-15
1.1129927546000423e-13
2.7976752858815956e-14
-4.898872648685659e-15
4.9423098534735754e-14
6.01908659633027e-14
1.4413898677054227e-14
5.5844380768971247e-14
2.086912999181567e-15
4.759934850787073e-14
6.28570275256618e-15
1.1570920003395324e-13
-1.3338830907871913e-14
5.014600388576762e-14
-1.4148187829632342e-14
1.7846509860197646e-14
-4.581729960706493e-15
1.4031527675872901e-14
-3.926308063395556e-14
1.58622572542233e-14
-5.108511270252025e-14
1.0140542919256923e-13
7.803293059459315e-14
1.223146916054258e-13
-2.3122562892163856e-14
1.0737407057231918e-13
1.0169565317348465e-13
6.739138462769426e-14
8.244096459100389e-14
-2.1931058585920177e-14
4.619494416440058e-14
-4.144379744984786e-14
6.165054767691067e-14
1.7879432336791526e-14
-2.610061553822915e-14
1.1763596959599512e-14
1.7867716854691462e-13
3.2556253428805276e-15
4.856283493284534e-14
6.702332001299206e-14
1.1433696346072096e-13
6.752173537498017e-14
5.07398845195925e-14
-3.2408493825112684e-14
-7.347509670387812e-14
-4.4109057769151083e-14
3.316749103826882e-14
-8.137642035915826e-15
2.1465397140969442e-14
-2.0956836865372065e-14
-2.6521446917413503e-14
