0.0010251698761780516
0.0010809212419067937
0.0011389834038837655
0.0011994423762568833
0.0012623866474470219
0.001327907200011372
0.0013960975248080232
0.0014670536318810144
0.0015408740525048455
0.0016176598366821802
0.0016975145426890207
0.0017805442172691916
0.001866857369006024
0.001956564929490093
0.0020497802055595826
0.002146618818161792
0.0022471986301737324
0.002351639658297221
0.0024600639713859267
0.0025725955720100283
0.002689360259862803
0.002810485476735021
0.0029361001311306693
0.0030663344006931557
0.00320131951138138
0.0033411874911417425
0.003486070897634373
0.003636102515606873
0.003791415025883779
0.003952140640391715
0.004118410703081594
0.0042903552546462095
0.004468102558215338
0.004651778583728205
0.004841506449893862
0.005037405819621539
0.005239592248409327
0.005448176481024194
0.005663263697055678
0.005884952698465479
0.006113335042264217
0.00634849411034994
0.0065905041176085215
0.006839429054975384
0.007095321564375283
0.007358221744310418
0.00762815588376457
0.007905135122440161
0.008189154035793402
0.008480189144272472
0.008778197343533243
0.009083114258356367
0.009394852517467153
0.009713299950674848
0.010038317709506625
0.010369738312869114
0.01070736361984161
0.011050962734405402
0.011400269844462425
0.011754982002900165
0.012114756854921966
0.01247921032376664
0.012847914258995294
0.013220394063586896
0.013596126310116457
0.01397453636148312
0.014354996012634813
0.01473682117350331
0.015119269612653165
0.015501538785535823
0.015882763775092644
0.016262015368918713
0.01663829830737333
0.017010549734230343
0.017377637883290057
0.017738361042881325
0.018091446831334495
0.01843555183036341
0.018769261614460915
0.019091091222267594
0.019399486110130128
0.019692823633671683
0.019969415098652896
0.02022750841987041
0.02046529142537552
0.020680895837622074
0.02087240196352528
0.021037844104835432
0.02117521671248907
0.0212824812758588
0.021357573948915607
0.02139841388436762
0.021402912243570667
0.021368981830929994
0.021294547280766282
0.021177555710893713
0.021015987736470038
0.020807868709970388
0.02055128004125413
