0.030939490982169592
0.025553554129562266
0.02280015770848297
0.021061859565346695
0.019833299899747865
0.018902749026164664
0.01816439108432071
0.017558612407061094
0.017048769977073556
0.01661080120472078
0.016228071007323784
0.015888602595629384
0.015583489969613762
0.01530593792511429
0.015050654679966758
0.014813452317892667
0.014590974782400094
0.014380506974791957
0.014179837053072493
0.013987154615341741
0.01380097371467771
0.013620073460110156
0.013443451356240099
0.01327028605868644
0.013099907231566189
0.01293177085995767
0.012765438826766777
0.012600561878215968
0.01243686532144499
0.01227413695396647
0.012112216837970032
0.011950988614133224
0.011790372112596228
0.011630317061760705
0.011470797733009117
0.011311808387433222
0.01115335940734418
0.01099547402141031
0.010838185535320106
0.010681535001458287
0.01052556926308787
0.010370339321598452
0.010215898979477826
0.010062303718877993
0.009909609779634659
0.009757873407465728
0.009607150243107244
0.00945749483148963
0.009308960228850024
0.009161597690902195
0.00901545642657503
0.008870583405669437
0.008727023206275861
0.008584817896513247
0.008444006938648621
0.00830462711137673
0.008166712443829091
0.008030294156077504
0.007895400604434938
0.0077620572259875144
0.00763028648351438
0.0075001078085205316
0.007371537541495357
0.0072445888722081145
0.007119271779374367
0.006995592974504687
0.006873555849866382
0.006753160436811605
0.006634403377269437
0.006517277911722695
0.006401773891200287
0.0062878778137405176
0.006175572892134628
0.006064839156330737
0.005955653592136029
0.0058479903193376145
0.005741820810255963
0.005637114147339205
0.005533837319038507
0.005431955551359208
0.005331432668214657
0.005232231479940506
0.0051343141865226255
0.005037642794380962
0.004942179534376732
0.0048478872739708846
0.004754729914875292
0.00466267276716584
0.004571682892001584
0.004481729406037189
0.004392783739331223
0.004304819844811384
0.004217814350438488
0.004131746655425984
0.00404659896716882
0.0039623562798870235
0.0038790062964568412
0.003796539297798259
0.0037149479631746326
