-1.7143938720910745e-13
-1.9130015497040298e-14
-2.070365363524007e-14
-8.761272415024057e-14
-1.2979553412964528e-14
2.853812563867464e-14
-6.257982413521157e-14
3.408010635849723e-14
7.590548198668778e-14
-6.36203058550916e-14
4.1445389871788696e-14
-1.0140136343442241e-14
-3.216589321286545e-14
-1.2927761075184896e-13
-1.0545966769130721e-13
-1.0081264165476278e-14
-2.6773803443388977e-14
-8.198089017537324e-14
-1.2799153013484665e-13
-1.0945121219942122e-13
-4.133425914910893e-14
1.0909456389478212e-13
-8.441056013885895e-14
2.5870229352839558e-14
2.7312304978419077e-13
1.081724770521375e-13
5.922151332694858e-13
8.467277172376914e-13
1.2605701530353508e-12
2.351424176899597e-12
3.738906726542465e-12
6.016859753488202e-12
9.749726498147968e-12
1.5638961371571003e-11
2.557010313664239e-11
4.1162148884700545e-11
6.604183782417568e-11
1.056773210876983e-10
1.6912399369958982e-10
2.70285110184074e-10
4.3082538898160314e-10
6.856439114654323e-10
1.0892812508651699e-09
1.727318184427569e-09
2.7340827724649935e-09
4.318756065117314e-09
6.8084485460497696e-09
1.0711293529279495e-08
1.6815798890200623e-08
2.6341554415802368e-08
4.117066874654565e-08
6.419821820549893e-08
9.986506101908777e-08
1.5496251437062728e-07
2.3984169083527025e-07
3.702279493188426e-07
5.699273379981265e-07
8.74848409950494e-07
1.3389483427579533e-06
2.042980957592315e-06
3.1073024407192473e-06
4.7105033709579e-06
7.116364993531483e-06
1.0712603651956155e-05
1.606617709880119e-05
2.400165098837481e-05
3.5711345860230576e-05
5.290881223200185e-05
7.804063393975914e-05
0.00011457565470234576
0.0001673953165754482
0.00024331354548036513
0.00035175885228683304
0.0005056538682996718
0.000722526537326016
0.0010258798119056351
0.001446828951296632
0.0020259819688698763
0.002815482603924113
0.003881048473112081
0.005303711743324899
0.0071807996309432446
0.009625476568127768
0.012763919507138979
0.016728942396270326
0.021648685787828338
0.027628947078229917
0.03472801008285782
0.04292368182723089
0.0520740000216353
0.06187616375356158
0.07183295476716567
0.08124145462824063
0.08922109681336515
0.09478903102430805
0.09697117446228393
0.09493761791588576
0.08818844419372604
0.0767971974706344
