-7.036432279954811e-07
5.905232628843765e-13
6.370216040860882e-13
2.8038208148457866e-13
1.0912615483558291e-12
-1.9753588955534473e-13
-8.683975576389419e-13
-7.580544807324341e-13
7.471500089624439e-14
9.072228916457564e-13
-1.4729260562965085e-13
-9.27159824609669e-14
-3.2558490951038743e-13
-1.9069731145744673e-13
2.2348122701368323e-13
5.797356410035259e-13
4.2172233587212116e-13
-1.0008034440241176e-13
-3.3165907086657453e-14
-2.4402021744397706e-13
-4.661286276668591e-13
-6.564198512006014e-13
-4.3842425349882586e-15
-6.514195920962612e-13
3.441739352284118e-13
3.6548699179975164e-14
1.5181784865717085e-13
-2.5767053963600406e-13
-4.0956642374453955e-13
-2.9172310725932016e-13
-2.9426618477004785e-13
-1.0244000201060921e-13
-2.762106678360493e-13
-4.296641709956861e-13
5.155408435222886e-14
2.663418801913259e-13
-2.671252975761096e-13
3.590433885532901e-13
1.986751691981925e-13
1.7921463466887e-13
4.681350793123151e-13
9.892673431734916e-13
2.606677514897099e-12
5.322636239092973e-12
1.1006057149638357e-11
2.197655593746614e-11
4.340150252537221e-11
8.670831492586274e-11
1.7075126132904545e-10
3.35159393131685e-10
6.549075371093706e-10
1.2690846713087327e-09
2.442943943247204e-09
4.668648546804575e-09
8.856339271266691e-09
1.6679338497085092e-08
3.117393198234244e-08
5.782216733920382e-08
1.0640749964889473e-07
1.9424478014853485e-07
3.516744785121825e-07
6.31329973496377e-07
1.1235757394857996e-06
1.9818899119945657e-06
3.4640442964382684e-06
5.997980106370673e-06
1.0285549425520312e-05
1.7463445387274837e-05
2.934817537852193e-05
4.8802815893388114e-05
8.027406786119125e-05
0.00013056199798068015
0.00020989581606635597
0.00033339583155992845
0.0005229926808435774
0.0008098549556343285
0.001237300606492121
0.001864075189445812
0.0027676773006823797
0.004047172341456568
0.005824620224947213
0.008243827649412568
0.011464835037999133
0.015652175659422715
0.020955321968216232
0.02747999059920487
0.035250005108160225
0.04416312151625443
0.05394677365716555
0.06411974476226495
0.07396540531567622
0.08258032966321861
0.08896957276318662
0.09204303115971679
0.0907075309951878
0.0854972575208042
0.0772710608467915
0.06404737362471152
0.04569571814052385
