0.001967438762853288
0.0020440939363360806
0.0021228870408456038
0.0022038679009547587
0.0022870869459327998
0.002372595182369067
0.0024604441616256274
0.0025506859450074118
0.0026433730653895354
0.0027385584846743314
0.002836295547754435
0.0029366379324261833
0.003039639594460983
0.003145354708551746
0.003253837603560987
0.0033651426937219954
0.003479324403444146
0.0035964370864148046
0.003716534939071605
0.0038396719073599595
0.0039659015865983445
0.004095277114068987
0.004227851054562689
0.004363675277756345
0.004502800826974635
0.0046452777795558025
0.004791155097795124
0.004940480470736763
0.005093300144628667
0.005249658743943851
0.0054095990808353065
0.005573161952706563
0.005740385927492144
0.005911307116689491
0.00608595893425848
0.006264371842048333
0.006446573080233427
0.0066325863828296
0.006822431676602603
0.007016124764516734
0.007213676990443634
0.00741509488686745
0.007620379803919458
0.007829527517551086
0.008042527819210995
0.008259364083627808
0.008480012814418545
0.008704443168160068
0.00893261645403268
0.009164485610229535
0.009399994654489612
0.009639078109872376
0.009881660403371939
0.010127655237253692
0.010376964932503556
0.010629479743673342
0.010885077143600628
0.011143621078996187
0.011404961193832781
0.011668932022522652
0.011935352150210403
0.012204023341118614
0.012474729634254965
0.012747236404409876
0.013021289391222548
0.013296613694301206
0.013572912733461104
0.01384986717661882
0.014127133833210407
0.014404344514990257
0.014681104864654657
0.014956993150943525
0.015231559034206121
0.015504322301305176
0.015774771572061995
0.016042362978454173
0.016306518817763425
0.016566626184278767
0.016822035578158118
0.017072059497874423
0.017315971015520067
0.017553002342969505
0.017782343387631253
0.01800314030593165
0.018214494056012796
0.018415458958287157
0.018605041264522258
0.018782197744768782
0.018945834297638554
0.019094804589826563
0.01922790873177575
0.019343891998356698
0.01944144360227457
0.019519195526392166
0.019575721426514318
0.01960953561262477
0.019619092118007227
0.01960278386466312
0.01955894193688483
