0.9953028245489975
0.00014938500632068235
0.00010885428707888803
9.511577195018803e-05
8.822266750253785e-05
8.41117690451308e-05
8.139220276610636e-05
7.945083572997355e-05
7.797414430801459e-05
7.67859413420742e-05
7.578072823987924e-05
7.489244070586097e-05
7.407832765304205e-05
7.331003856255431e-05
7.256843032926997e-05
7.184041760697414e-05
7.111699832669367e-05
7.039198317159521e-05
6.966115890716913e-05
6.89217260102812e-05
6.817191777869254e-05
6.741073763642539e-05
6.66377803065602e-05
6.585311024314206e-05
6.5057183307791e-05
6.425079322537948e-05
6.343503529268516e-05
6.261126782595693e-05
6.178106208147246e-05
6.094613097984145e-05
6.0108240844013645e-05
5.926911246991447e-05
5.843032437178934e-05
5.7593218377434946e-05
5.675881714310709e-05
5.592777473282933e-05
5.5100391529580354e-05
5.4276701802673524e-05
5.345660691252239e-05
5.264000148781682e-05
5.182685821280781e-05
5.1017259351054924e-05
5.021139132897938e-05
4.9409520575049004e-05
4.861196718117226e-05
4.78190783317778e-05
4.703121051696864e-05
4.624871639620573e-05
4.5471935663635e-05
4.4701191162505074e-05
4.393678632534908e-05
4.317900417877656e-05
4.242810978070035e-05
4.1684351498757756e-05
4.094796458649927e-05
4.0219176675299854e-05
3.9498212950626513e-05
3.878530662767039e-05
3.8080709596077415e-05
3.738471135671982e-05
3.6697664829042056e-05
3.602002338903211e-05
3.535239159640482e-05
3.469558161709076e-05
3.405066187161642e-05
3.3418962993398197e-05
3.280200581665151e-05
3.22013253583519e-05
3.161819742726022e-05
3.105333555744293e-05
3.0506674466160882e-05
2.9977342405453242e-05
2.9463844483755984e-05
2.8964359081340118e-05
2.8477019061885393e-05
2.8000096509669617e-05
2.753208071092396e-05
2.707168060506856e-05
2.6617792265834615e-05
2.6169456139082092e-05
2.5725817910728517e-05
2.5286098862680386e-05
2.484957349499332e-05
2.4415556002600422e-05
2.3983389846448794e-05
2.3552444120005685e-05
2.3122110501056967e-05
2.2691804225110108e-05
2.2260968315323537e-05
2.18290810507381e-05
2.1395668780322633e-05
2.0960323843869956e-05
2.052273346152771e-05
2.0082716221032055e-05
1.964026915828701e-05
1.9195619618720243e-05
1.874927073528128e-05
1.8302023705342114e-05
1.7854949975559655e-05
