0.010746335394122855
0.010751899353524347
0.010761730959613363
0.010775237985968073
0.010791885863570428
0.010811190141200891
0.010832710193541173
0.010856043942957236
0.010880823421649574
0.010906711018230915
0.010933396295314505
0.010960593278039827
0.0109880381359223
0.011015487191946881
0.011042715203221865
0.011069513871676718
0.01109569054476881
0.01112106707668816
0.011145478823605856
0.011168773750982897
0.011190811636181934
0.01121146334883805
0.011230610198669016
0.011248143339180644
0.011263963216855119
0.011277979061908715
0.01129010841147186
0.01130027666043187
0.011308416638329813
0.011314468205913468
0.01131837786947976
0.011320098412424585
0.011319588540308827
0.011316812538358116
0.011311739941403644
0.011304345214495838
0.011294607444091699
0.01128251003900903
0.011268040441357504
0.011251189847289251
0.011231952936643561
0.011210327612887032
0.011186314752015696
0.011159917961957378
0.01113114335089058
0.011099999306161294
0.011066496283015915
0.01103064660368927
0.010992464266613072
0.01095196476625934
0.010909164923289033
0.010864082725681885
0.010816737180159528
0.010767148174471025
0.010715336349990518
0.010661322985990148
0.010605129893231065
0.010546779319072329
0.010486293862241293
0.0104236963984527
0.010359010015780993
0.010292257959835597
0.010223463589127237
0.010152650338504229
0.01007984169306597
0.010005061169401997
0.009928332305876485
0.009849678660693638
0.009769123816450667
0.009686691392918749
0.009602405064632322
0.009516288585305666
0.009428365816876044
0.00933866076354408
0.009247197608959937
0.00915400075762912
0.009059094877486351
0.00896250494615475
0.008864256296473822
0.008764374664053014
0.008662886233342998
0.00855981768325388
0.008455196230792798
0.008349049672713315
0.008241406423547579
0.008132295550288274
0.008021746801429069
0.007909790633389086
0.007796458228792672
0.007681781509492521
0.007565793144566877
0.0074485265481223474
0.007330015872714058
0.007210295993483493
0.007089402484488632
0.006967371587639047
0.00684424017262993
0.0067200456892635395
0.006594826111611799
