0.017410358908114702
0.01699368776944577
0.016617960625202786
0.016277423027541624
0.015967272960432256
0.015683470021386838
0.015422589304977427
0.015181708160625085
0.014958317452245469
0.014750251320225758
0.014555631068056001
0.014372819948342625
0.014200386441006314
0.014037074203301667
0.013881777307551968
0.013733519698452079
0.01359143804293208
0.013454767324138256
0.013322828669277855
0.01319501900637902
0.013070802224823808
0.012949701583015165
0.012831293148258038
0.012715200104153456
0.012601087781897394
0.012488659304236817
0.01237765174823075
0.012267832748417513
0.012158997477841355
0.012050965953501682
0.011943580620955276
0.011836704182479164
0.01173021763657733
0.011624018503373877
0.011518019213075876
0.011412145640217794
0.011306335765815098
0.011200538455392338
0.011094712340885476
0.0109888247956668
0.010882850995443182
0.010776773056124345
0.010670579242580547
0.010564263243123657
0.010457823503485229
0.01035126261655791
0.010244586763667162
0.01013780520322009
0.010030929804645608
0.00992397462246152
0.009816955509993355
0.0097098897689963
0.009602795832168417
0.009495692978401122
0.00938860107611534
0.009281540355329866
0.00917453120369313
0.009067593988540049
0.00896074889894756
0.008854015810130806
0.008747414166595057
0.008640962882786346
0.008534680260550532
0.008428583921993464
0.008322690756149739
0.008217016878304083
0.008111577601811509
0.008006387419668816
0.007901459997182706
0.0077968081718078576
0.007692443961973457
0.007588378582650761
0.007484622467103778
0.007381185293178853
0.00727807601590547
0.007175302902152207
0.0070728735695979785
0.006970795027861411
0.006869073721243353
0.006767715573301862
0.0066667260319246465
0.006566110113842646
0.006465872450532217
0.0063660173309505325
0.006266548745949206
0.006167470428017032
0.006068785891317088
0.005970498468447036
0.005872611344223369
0.0057751275876559635
0.005678050179425405
0.005581382037639171
0.005485126038466944
0.005389285034453644
0.005293861868763698
0.005198859385431094
0.005104280436483223
0.005010127885591669
0.004916404607161282
