0.009509336439830327
0.00954924169578953
0.009588351379429767
0.009626662856289788
0.009664173440675284
0.009700880399369137
0.009736780955183596
0.009771872290904796
0.009806151552527185
0.00983961585291224
0.009872262275671196
0.009904087877561432
0.009935089692768564
0.009965264735479436
0.009994610003132556
0.010023122479611632
0.010050799138433342
0.010077636945422677
0.010103632861580045
0.01012878384623191
0.010153086859702492
0.010176538865773724
0.010199136835150066
0.010220877747266318
0.010241758593451996
0.010261776379050878
0.010280928126874228
0.010299210878453181
0.010316621697511382
0.01033315767156479
0.010348815915185237
0.010363593571523713
0.010377487815159743
0.010390495853991948
0.010402614931956773
0.010413842330701716
0.010424175372132239
0.010433611420213713
0.010442147883593218
0.010449782217119449
0.010456511924151495
0.010462334558669698
0.010467247726996271
0.01047124908995626
0.010474336364797221
0.010476507326716733
0.01047775981122049
0.010478091715646237
0.010477501001086947
0.010475985693880887
0.010473543887799574
0.01047017374538605
0.01046587349952864
0.010460641455612743
0.01045447599251041
0.010447375564635025
0.01043933870306396
0.010430364017227687
0.0104204501967009
0.010409596011799457
0.010397800315693762
0.010385062045655731
0.010371380224089406
0.010356753960003205
0.010341182450327197
0.010324664980941234
0.010307200928043775
0.010288789758877153
0.010269431033352554
0.010249124404931365
0.010227869621251925
0.010205666525669517
0.010182515057543756
0.01015841525396994
0.010133367249665624
0.010107371278577056
0.010080427673886432
0.010052536869489068
0.010023699399989693
0.009993915901565075
0.009963187112669919
0.009931513874392603
0.00989889713082027
0.009865337929626149
0.00983083742239817
0.009795396864724408
0.009759017616988656
0.009721701143841428
0.00968344901487701
0.009644262904738648
0.00960414459279447
0.009563095963308288
0.009521119005612125
0.009478215813498909
0.009434388585543891
0.009389639624107842
0.009343971336236441
0.009297386232178687
0.009249886924950735
