0.0016059263732741808
0.001678821184075888
0.0017540977709710587
0.0018318222264248956
0.0019120616848408267
0.001994884286008287
0.002080359132285053
0.002168556240803216
0.002259546489590748
0.002353401557577397
0.002450193857593718
0.002549996462262723
0.0026528830219078267
0.002758927675075111
0.0028682049493747737
0.00298078965407631
0.0030967567615699867
0.0032161812799628205
0.003339138113321053
0.0034657019112482638
0.0035959469051801123
0.0037299467329328577
0.0038677742479626726
0.004009501315843107
0.00415519859455828
0.004304935298867245
0.004458778948248384
0.0046167950977799325
0.004779047049600617
0.004945595545981227
0.0051164984425080065
0.00529181035976169
0.005471582313766091
0.005655861324413439
0.0058446899987672435
0.0060381060924533025
0.006236142043977966
0.006438824484389041
0.006646173719613763
0.00685820318579443
0.007074918876463369
0.007296318740257704
0.007522392050551141
0.007753118743447249
0.00798846872724063
0.008228401159748667
0.008472863695694976
0.008721791701856075
0.008975107443325565
0.009232719236596016
0.009494520573892119
0.009760389217675263
0.010030186265799247
0.010303755188798632
0.010580920841902139
0.010861488451576192
0.011145242579432363
0.01143194606675389
0.011721338961357446
0.012013137430367993
0.012307032663004515
0.012602689767754175
0.012899746667231378
0.013197812999109373
0.013496469024971543
0.013795264557626526
0.014093717911491842
0.014391314884835207
0.014687507782743905
0.014981714489211786
0.015273317598574317
0.015561663617969464
0.015846062250573688
0.016125785771786322
0.01640006851297486
0.01666810646240235
0.016929056999218504
0.017182038775470254
0.017426131756900127
0.01766037744097516
0.017883779262626454
0.018095303206540334
0.018293878635248225
0.018478399349663287
0.01864772489382544
0.018800682114851832
0.018936066988021617
0.01905264671587251
0.019149162108569765
0.01922433024752638
0.019276847432973584
0.019305392417506548
0.019308629914921962
0.019285214376173455
0.01923379401895236
0.01915301509254929
0.01904152634752378
0.018897983688690518
0.018721054965852846
