0.0007576616929633294
0.0007011199215502949
0.0006982223411570625
0.0007180039754696121
0.0007507811048961402
0.0007925356802537997
0.000841326269537358
0.0008961427442960703
0.0009564505635401807
0.0010219748593549554
0.0010925843876251513
0.0011682275392676388
0.0012489026096352176
0.0013346523408454746
0.0014255735705005095
0.001521833634037627
0.0016236867977434959
0.0017314844519400246
0.0018456721256841506
0.0019667679171293333
0.002095323950866448
0.002231882563165308
0.0023769434551295884
0.0025309514818696146
0.002694302589897474
0.002867358018108779
0.003050457728793471
0.0032439288161269886
0.003448088603269217
0.003663243830726675
0.00388968747268796
0.004127694282577719
0.00437751571173095
0.004639374551309429
0.004913459474473134
0.005199919601495929
0.0054988591931076185
0.005810332581395437
0.0061343394391856695
0.006470820459714888
0.006819653468744129
0.007180649924959623
0.007553551704818367
0.007938028031955004
0.00833367241311948
0.008739999476328319
0.009156441674349
0.0095823458949689
0.010016970088154688
0.010459480089374676
0.01090894685206664
0.01136434431696397
0.011824548135301913
0.012288335420697658
0.012754385624645136
0.013221282527426962
0.013687517201605751
0.014151491666096687
0.014611522825025201
0.015065846224075988
0.015512619174518133
0.015949922928649024
0.016375763829532826
0.01678807368637202
0.01718470999573317
0.01756345703296622
0.01792202920271195
0.018258078454983027
0.018569207968982482
0.01885299482355765
0.019107024955477028
0.019328944290892075
0.019516530188922337
0.0196677863973593
0.01978106110022576
0.01985517921960975
0.01988956579267854
0.019884320231564827
0.019840193143472153
0.019758434594507334
0.01964052945940273
0.019487886847477667
0.019301567701107976
0.01908210622338076
0.01882943541644299
0.018542899324578734
0.018221334174672917
0.017863213173844702
0.017466852733607215
0.017030657515236934
0.01655335042578379
0.016034130963103008
0.01547275487357918
0.014869595783605003
0.01422577454324652
0.01354340289833414
0.012825907650798543
0.012078311847074504
0.011307289537373939
