0.014348819740955067
0.012313060379930168
0.011386416896843906
0.010885707373372227
0.010596713624261657
0.010429380808456689
0.010338447226201985
0.010298196369750361
0.010292657158112688
0.010311236543162683
0.010346559444736047
0.010393307016859131
0.010447545969668579
0.010506316787791221
0.010567366955621266
0.010628970032932325
0.010689798280329803
0.010748830402994188
0.010805283455059368
0.010858562083791547
0.010908220673992636
0.010953935300720684
0.010995483189560368
0.011032727846463563
0.011065608326248842
0.011094131338989592
0.011118365104944314
0.011138434057009773
0.011154513671077728
0.011166824844386853
0.011175627381646026
0.011181212258573209
0.011183892480003697
0.01118399251609326
0.011181836525443878
0.011177735830914215
0.011171976363811932
0.011164806992720596
0.011156429719381064
0.01114699263269439
0.011136586242404312
0.011125243416191984
0.011112942710358979
0.011099614499718226
0.011085149075387006
0.011069405802793381
0.011052222522175787
0.011033424553054637
0.011012832892945409
0.010990271393789192
0.010965572847400958
0.01093858398362188
0.010909169404684964
0.010877214451755874
0.010842626964970856
0.0108053378699364
0.010765300525427051
0.010722488813034723
0.010676894034510033
0.01062852079306523
0.010577382148827528
0.010523494422171396
0.010466872045194158
0.010407522837204074
0.01034544399136235
0.010280618953405388
0.010213015250721174
0.010142583238916548
0.010069255665819767
0.00999294792425274
0.009913558867282879
0.009830972081369535
0.009745057539396517
0.009655673589517275
0.00956266924579474
0.00946588674698074
0.009365164331497693
0.009260339140829256
0.00915125013319544
0.009037740872207703
0.008919662065946604
0.008796873790207821
0.008669247407245007
0.008536667291887125
0.008399032557306157
0.00825625902743477
0.008108281707183307
0.007955057965391232
0.007796571567286584
0.007632837586981756
0.007463908098951759
0.007289878394427896
0.007110893297277349
0.006927152990980963
0.006738917613928468
0.006546509801148043
0.006350314376340343
0.006150774568733585
0.005948384462795095
