1.000000000004737
3.7621202218096486e-13
3.845302131012362e-14
-1.3015219429274565e-14
2.694368368307603e-14
3.51104863634483e-14
-2.2065794528653142e-14
3.784332265364612e-14
-1.2263071483348606e-14
-5.15584157081442e-14
-7.020093033917779e-14
3.9671779113203444e-14
7.287503865876892e-15
1.7228650147152469e-15
-1.8498050991357443e-14
5.518931936888266e-14
4.8057952474304944e-14
-2.849016324506931e-14
-1.4455315200043173e-14
-1.4976274343922458e-14
-1.6097502020598342e-14
-3.217475656562552e-14
6.12848801654492e-14
8.313011737315357e-14
3.886786183703028e-14
-4.678955790524131e-14
-1.4466238536930964e-15
-1.0583013957364551e-13
-3.977078540627621e-14
4.9446747694623094e-14
-4.5889886942512836e-14
-1.8962885732151658e-14
4.834300277797854e-14
8.558987394692574e-14
-1.2349190138365163e-13
-2.0781661981550403e-14
-8.390206931996325e-15
-5.421010862427522e-19
4.8241277509145086e-14
2.9026152141564676e-14
-4.197079424457517e-14
-6.2715674667424004e-15
-5.613351038331882e-14
-1.3388574103545547e-13
3.527706555692123e-14
1.016166046707151e-13
3.264784818358957e-14
-1.8300411099708702e-14
-1.1055934813486434e-14
8.800704848037355e-14
-8.811465554599274e-14
-2.3156118949402282e-14
-2.1603866699054786e-14
2.4192724646515673e-14
-2.0343671408920572e-14
1.177770175223719e-14
3.288536977452683e-14
3.201041862133103e-14
2.7074452705819207e-14
3.843668818555995e-14
1.1936428950289069e-14
-5.973510802757126e-14
2.8287363228705897e-14
-1.1115200014739923e-14
-6.599415295922145e-14
-3.2505411123179284e-14
-1.3957232722003332e-14
5.6448200063882736e-14
-6.654425003648629e-14
3.9757287089228766e-15
-3.2807402085797965e-14
2.79259308819807e-15
3.917624959246663e-14
5.41166097394255e-14
-4.5742272816728935e-14
-5.959576094335256e-14
-7.38760452551751e-15
-3.357892035173865e-14
1.2350512865015595e-14
-8.097298873077641e-14
1.2636688028443144e-14
8.552200289092815e-15
6.270842406539551e-14
6.33284386302585e-14
5.395259705578276e-14
5.5925465538946006e-14
-2.4329157937395818e-14
7.327039636909755e-14
-5.099576089098029e-14
4.9586609774873724e-14
5.980127146514719e-14
2.311069087837514e-14
-4.313502408991726e-14
-2.3246189044881516e-14
5.752890568436198e-14
-2.3307961463658877e-14
1.926894245291716e-14
-4.8664414512011867e-14
-8.38149943329855e-15
