0.019326262496668956
0.018244320890586967
0.01743689065662026
0.016808305125227116
0.016303889930158796
0.015889693639880863
0.015543244673176039
0.015248901872480266
0.014995329812226548
0.014774040783933216
0.014578508876806603
0.014403608082219783
0.014245242496641474
0.01410009492420232
0.013965450932097497
0.01383907241688637
0.013719104502878048
0.01360400541557666
0.01349249252726182
0.013383500022956421
0.013276145077311481
0.013169700381157595
0.01306357149724897
0.01295727795341152
0.012850437279921101
0.012742751403510954
0.012633994961442189
0.012524005196863471
0.012412673174826083
0.01229993611343946
0.012185770662527136
0.012070186993277107
0.011953223587971368
0.011834942629774487
0.01171542591724416
0.01159477123112716
0.011473089095773775
0.01135049988557718
0.011227131233041704
0.011103115702821057
0.010978588701548293
0.010853686598785002
0.010728545037710011
0.010603297419497226
0.010478073547796828
0.010352998421298916
0.01022819116898699
0.010103764117610317
0.009979821989420988
0.009856461224265034
0.009733769423867843
0.009611824914894946
0.009490696428519135
0.009370442893533202
0.009251113340581306
0.009132746912030481
0.00901537297544562
0.008899011332067558
0.00878367251575343
0.00866935817273743
0.008556061515071203
0.008443767835744565
0.00833245507632468
0.008222094435434668
0.00811265100803045
0.008004084443128548
0.007896349611774338
0.007789397273841885
0.007683174738347632
0.007577626508339511
0.007472694905937147
0.00736832067459701
0.007264443554632681
0.007161002832867816
0.007057937865408399
0.006955188574830686
0.006852695924128614
0.006750402368923319
0.006648252290629388
0.0065461924130953645
0.006444172203080579
0.006342144257020713
0.006240064674137343
0.006137893414010782
0.006035594638190895
0.005933137030891692
0.005830494096935148
0.005727644429369159
0.005624571940853248
0.005521266054237961
0.005417721840741723
0.005313940102412623
0.005209927389276347
0.005105695946577685
0.0050012635856969195
0.004896653478860501
0.004791893872556123
0.004687017726033949
0.004582062275176513
