0.020745497591841973
0.02016252607800268
0.01961559286339569
0.019101410706865773
0.018617066448446393
0.018159970492471346
0.017727814135908897
0.017318533369643584
0.016930278050231583
0.01656138554503455
0.016210358121634738
0.01587584348027079
0.015556617939197109
0.015251571863120629
0.014959696999264
0.014680075438259367
0.014411869963850917
0.014154315595870758
0.013906712158547644
0.01366841773298081
0.01343884287591574
0.013217445504408225
0.01300372635616655
0.012797224955670964
0.012597516020377439
0.012404206253414344
0.01221693147520934
0.012035354053177462
0.01185916059560504
0.011688059877250577
0.011521780971591783
0.011360071565635947
0.011202696437267113
0.01104943607707109
0.010900085439605599
0.010754452809881392
0.010612358772626243
0.010473635274964473
0.010338124771067386
0.01020567944280448
0.010076160486398872
0.009949437460614085
0.009825387689728423
0.009703895715166597
0.009584852793301844
0.009468156432676648
0.009353709969628931
0.009241422175521881
0.009131206896494479
0.009022982719749212
0.008916672665883777
0.008812203903884056
0.00870950748803908
0.008608518113209904
0.008509173889183567
0.008411416129898723
0.008315189158794489
0.00822044012707421
0.008127118845369772
0.008035177626109776
0.007944571137469105
0.007855256266733363
0.007767191992748971
0.007680339267109491
0.007594660902864698
0.0075101214703603494
0.007426687200436643
0.007344325892314583
0.007263006829409723
0.007182700698022321
0.007103379513094839
0.0070250165472588895
0.006947586264483774
0.006871064257958864
0.0067954271914199855
0.00672065274413023
0.006646719558660112
0.006573607192280525
0.006501296070744956
0.006429767444643934
0.006359003348682802
0.006288986562634025
0.006219700575229565
0.0061511295488423726
0.006083258287547254
0.006016072205815076
0.005949557299269246
0.005883700117306679
0.005818487736186695
0.005753907735008245
0.005689948171595396
0.00562659756064354
0.0055638448517632616
0.005501679409911053
0.005440090996588084
0.005379069750899253
0.005318606173209006
0.005258691107753863
0.005199315728034358
