0.10377299188838346
0.03328264860825515
0.025278513473487755
0.021934621418272664
0.019996540150684503
0.018685292622137185
0.01771580077033162
0.01695706045951322
0.01633939201618965
0.015821717761541444
0.01537790063850204
0.01499030826918463
0.01464648937489154
0.014337328070886772
0.014055956225117657
0.013797079903085237
0.013556544180434803
0.01333104141810009
0.013117909265809729
0.012914986712514008
0.012720508832423089
0.012533028033897484
0.012351353919076227
0.01217450650850212
0.012001679274221301
0.011832209511707577
0.011665554306166184
0.011501270833518153
0.011339000074877219
0.011178453257982264
0.011019400499137931
0.010861661248909436
0.010705096221914111
0.010549600564529802
0.010395098058522609
0.010241536196686772
0.010088881998555278
0.009937118452696351
0.009786241494299408
0.009636257438542179
0.009487180804724661
0.00933903247452105
0.009191838136163807
0.009045626974741532
0.008900430571642831
0.008756281986925487
0.008613214993929018
0.00847126344933049
0.008330460776396572
0.00819083954606229
0.008052431143131152
0.007915265504423829
0.007779370918939649
0.007644773882180987
0.0075114989955554915
0.007379568905138467
0.007249004274106454
0.007119823783976336
0.006992044159208556
0.006865680212220649
0.006740744905657703
0.006617249426968378
0.006495203275434434
0.0063746143559570735
0.006255489079626894
0.0061378324681486095
0.006021648260912367
0.005906939022942541
0.005793706252373935
0.005681950486168376
0.005571671405340342
0.005462867935287339
0.005355538344081452
0.005249680337436991
0.005145291148080497
0.00504236762273369
0.004940906302866873
0.0048409035016298676
0.004742355374161264
0.004645257983665082
0.004549607358364865
0.0044553995446260505
0.004362630647956844
0.004271296867715365
0.004181394520418434
0.004092920051336728
0.00400587003384533
0.003920241155503152
0.00383603018847377
0.003753233946069728
0.0036718492220575182
0.0035918727150381813
0.0035133009370313635
0.003436130107861247
0.0033603560365057256
0.0032859739911435463
0.003212978561618551
0.003141363516553299
0.0030711216596731824
