0.0014367262947751602
0.001503781274368697
0.001573148831429286
0.0016448985512764946
0.0017191014341998811
0.0017958298766596516
0.0018751576500508531
0.0019571598720463947
0.002041912975159596
0.00212949466795781
0.0022199838909668767
0.0023134607654262873
0.002410006535915117
0.002509703504399585
0.0026126349566099848
0.002718885079619389
0.0028285388707462574
0.0029416820354921103
0.0030584008753684454
0.0031787821653805333
0.0033029130175344554
0.0034308807333595205
0.0035627726422158236
0.0036986759250715083
0.003838677423531632
0.003982863432168015
0.004131319474341045
0.0042841300598529765
0.004441378423034722
0.0046031462418485375
0.004769513334979167
0.004940557337267759
0.005116353351436415
0.005296973575390663
0.005482486904090016
0.0056729585045875944
0.0058684493625583934
0.006069015799673423
0.006274708960016107
0.006485574265861031
0.006701650838406416
0.00692297088539621
0.007149559053328267
0.007381431741161297
0.007618596377393187
0.007861050657604784
0.008108781741443518
0.00836176540775222
0.008619965168598077
0.008883331338940563
0.009151800063632991
0.009425292298986209
0.009703712750097345
0.009986948763178738
0.010274869172742002
0.010567323104894917
0.010864138735085394
0.01116512200465668
0.011470055293590242
0.01177869605434381
0.012090775406980132
0.012405996699015499
0.012724034032552992
0.013044530762967963
0.013367097972849221
0.013691312926980042
0.014016717513289487
0.014342816676802053
0.014669076853772615
0.014994924413572312
0.015319744119333225
0.015642877614757852
0.015963621949942115
0.016281228158604034
0.016594899897537513
0.0169037921652695
0.017207010112877126
0.0175036079639948
0.017792588061836555
0.0180729000596546
0.018343440273927848
0.018603051222168734
0.01885052136213542
0.019084585054301155
0.01930392276972795
0.019507161562661215
0.019692875828936713
0.01985958836962419
0.020005771778857186
0.020129850177077684
0.020230201297092673
0.020305158946867963
0.020353015851546724
0.020372026887471573
0.020360412706771296
0.020316363755981413
0.02023804467852007
0.020123599088547443
0.019971154697609815
