0.9999999999248516
1.286701631913079e-13
1.6932492276925054e-14
-3.179981700800693e-14
-3.5615342563967336e-14
1.253166689617841e-13
-1.971519752601335e-14
-1.9738731489419865e-14
-4.0831727259936723e-14
2.3974875395778392e-14
-4.615548137584403e-14
2.7371432621521932e-14
1.1712436169585352e-14
5.887755831924385e-14
1.1168387585190273e-13
-2.890496544373511e-14
3.991792519360965e-14
-2.1189320643152237e-13
-5.1730809306343994e-15
6.760697145342942e-14
-4.196472271240925e-14
7.144922132239218e-14
4.100799561035373e-14
5.019099827592577e-14
6.37147669693694e-14
6.027247928183654e-14
-3.0414716968921174e-14
3.6540730294007395e-14
5.892069601318162e-15
4.384537980080261e-14
-4.327468288226055e-14
1.4111021379159538e-13
-4.5815185412828585e-14
9.95219260734731e-14
-1.135994510265137e-14
-1.2911031835663445e-14
-4.237213878377499e-14
-6.424597182377867e-14
-7.709192442403867e-14
-1.1626387786539683e-14
-3.698999656923108e-15
-2.7176882706064776e-14
2.2287591694078457e-14
5.951145067191466e-14
-7.813742057896644e-14
1.1746162311039587e-13
-3.889773160688226e-14
-1.370499579708001e-13
3.518301101845811e-14
1.3740283867288983e-14
5.695885928712341e-14
6.317269298818096e-14
1.5546998367518827e-14
2.8193051192226815e-15
1.3042030563154006e-14
9.791275320907011e-14
-4.292235783378423e-14
2.28024250956832e-14
4.23886728669054e-14
-6.648367024009866e-14
8.59597088604877e-14
4.618752754391442e-14
4.3399854023074e-14
8.139580047299144e-15
-1.4016348845458104e-14
2.6890924383071724e-16
4.4675675377019164e-14
1.0020741289702706e-13
-4.3813300969024194e-14
1.0222617023714076e-14
-5.923543990385416e-14
1.9017070090974336e-13
1.2282181023094696e-14
-9.645252261811232e-15
-2.4610955634551956e-14
1.1462957861564649e-14
-3.606341028757065e-15
-2.2523649612082863e-14
1.5897263431867426e-14
2.5856080514488622e-14
-5.496616345673083e-14
-2.1153367143859902e-14
7.28707865533737e-14
-4.3572974004965626e-14
8.208272386442395e-14
-6.898915304049541e-14
-6.499260764986081e-14
8.364329736644527e-14
2.0066454465943184e-14
6.6310618020842815e-15
5.632565811333756e-15
8.230162428304877e-14
1.005712711461132e-14
-4.5013973559888953e-14
5.2023327052480584e-14
-1.3805959413887292e-14
4.603172769172825e-14
4.8864063565811494e-14
-1.1651544241556662e-14
