0.03892397077817649
0.03153833014166645
0.027657617818171245
0.025137369973821738
0.023307652704813123
0.021887136893481596
0.02073473807632779
0.019770668820301835
0.01894570226624017
0.01822740060153828
0.017593266323838157
0.017027048631703633
0.01651661741016321
0.016052672206552186
0.015627922294922606
0.015236545718050535
0.014873820517368054
0.014535866112033861
0.014219457378875755
0.01392188805122809
0.013640868399982256
0.013374447267901324
0.013120951740324363
0.01287893981326005
0.01264716279471087
0.01242453509366239
0.012210109696142288
0.01200305806797932
0.011802653540601876
0.011608257466852573
0.011419307600055972
0.011235308271596722
0.011055822037423793
0.010880462531174728
0.010708888317780777
0.010540797580002462
0.010375923505350996
0.010214030263039926
0.010054909483004379
0.009898377162330142
0.009744270940185373
0.009592447689441102
0.009442781382072376
0.009295161195204077
0.009149489825112078
0.009005681984827313
0.008863663062784884
0.008723367925202686
0.008584739843570619
0.008447729535524987
0.00831229430481458
0.008178397271642195
0.00804600668301796
0.00791509529348291
0.007785639811966357
0.0076576204053815985
0.007531020255053356
0.007405825159894394
0.007282023181338244
0.007159604327549463
0.007038560270910805
0.0069188840979724255
0.006800570085450926
0.006683613503693405
0.006568010441145086
0.006453757650141356
0.006340852411195573
0.006229292413411802
0.006119075649581152
0.0060102003252839
0.005902664779336772
0.005796467414577424
0.005691606638542218
0.0055880808121240326
0.00548588820587716
0.005385026961839441
0.005285495062667574
0.005187290303693527
0.005090410270936667
0.004994852321500594
0.004900613567874387
0.00480769086469822
0.0047160807971910945
0.004625779672359275
0.004536783511207457
0.0044490880418048585
0.004362688693804954
0.004277580594086936
0.004193758561861089
0.004111217106024952
0.004029950420143659
0.003949952381092401
0.003871216544677579
0.00379373614407404
0.00371750408660117
0.00364251295164151
0.0035687549880822752
0.0034962221132202524
0.003424905910034047
