0.007512880011487448
0.0075805163618591735
0.007647963822430443
0.0077152139857777895
0.007782258314862986
0.007849088140271788
0.007915694660131117
0.007982068938329732
0.008048201904111266
0.00811408434974448
0.00817970693042153
0.008245060162615267
0.008310134422662723
0.00837491994651186
0.008439406827249812
0.008503585015142513
0.008567444315599623
0.008630974388482236
0.008694164747073728
0.008757004756257814
0.008819483631665459
0.008881590439157715
0.008943314092660838
0.009004643353671817
0.009065566829793903
0.009126072973683733
0.009186150082042746
0.009245786294392202
0.009304969591839683
0.00936368779620999
0.00942192856853471
0.009479679408538078
0.009536927652880969
0.009593660474413644
0.009649864881193815
0.009705527715278921
0.009760635651547537
0.009815175196914529
0.009869132689128495
0.00992249429555941
0.009975246012674927
0.010027373664537173
0.01007886290218019
0.010129699202337914
0.010179867866637667
0.010229354020821167
0.010278142613329938
0.010326218414849212
0.010373566017403992
0.0104201698330227
0.010466014093443606
0.010511082848704289
0.01055535996696087
0.01059882913315953
0.010641473848444693
0.010683277429453781
0.01072422300748781
0.010764293527814186
0.01080347174911914
0.010841740242654588
0.010879081391509724
0.010915477390471669
0.010950910244708624
0.010985361770121585
0.011018813591895356
0.011051247144714912
0.011082643671758227
0.011112984224788097
0.01114224966321408
0.011170420654022548
0.011197477671436088
0.011223400996590924
0.011248170716979873
0.01127176672678784
0.011294168726173913
0.011315356221236583
0.011335308524031562
0.01135400475256153
0.011371423830281308
0.011387544486469075
0.011402345256352756
0.011415804480645154
0.011427900306671334
0.01143861068711712
0.011447913381436022
0.011455785955858448
0.011462205783090476
0.011467150043178944
0.01147059572411952
0.011472519621779961
0.011472898340259635
0.011471708293720219
0.011468925705083018
0.0114645266078362
0.011458486847068225
0.011450782078823045
0.011441387772397399
0.011430279210227287
0.011417431489067454
