0.9732502683709277
0.0006648815037928838
0.0004906403038274754
0.00043384512216739006
0.00040688214171619283
0.0003918982037821741
0.0003828039658022728
0.0003769394319756258
0.00037296190494377193
0.00037012692847876926
0.00036799360199984423
0.00036628766766997386
0.00036483197556611886
0.0003635087448031255
0.00036223800256346466
0.00036096474563410304
0.00035965104134173164
0.00035827104861660056
0.0003568078326802129
0.00035525130991057485
0.0003535968786139761
0.0003518443512390608
0.0003499967496933401
0.0003480585031636553
0.000346032869926862
0.00034391928962768884
0.00034171224247793366
0.00033940267285348244
0.00033698106827686835
0.000334440165820727
0.00033177612932276164
0.00032898840122843747
0.00032607894685143953
0.0003230514351382763
0.0003199105918199614
0.00031666176798059
0.00031331070133383326
0.0003098634318190614
0.00030632635282814473
0.0003027063974466983
0.0002990113815905146
0.000295250552505865
0.0002914353962271549
0.00028758075568974484
0.0002837062220831314
0.00027983753809893814
0.0002760072864115287
0.00027225354591629115
0.0002686151382829679
0.00026512368992393474
0.0002617959546046153
0.00025863129217718864
0.0002556158088948463
0.00025272962963677825
0.0002499528404722527
0.00024726837559709784
0.00024466254314202976
0.00024212446959649738
0.00023964530386922267
0.00023721754555627655
0.00023483456499494933
0.00023249029280976463
0.00023017902738410993
0.00022789531081318274
0.00022563384899212848
0.00022338944627704957
0.0002211569449769254
0.0002189311543782103
0.00021670675933430116
0.00021447820902879963
0.00021223960093810293
0.0002099846235753168
0.00020770667937759045
0.00020539930544003523
0.00020305686208786064
0.00020067512177532353
0.00019825131566459715
0.0001957835749880814
0.00019327019389880752
0.00019070910804334001
0.00018809769683265763
0.00018543280159124046
0.0001827108264110223
0.00017992784882315236
0.00017707970891611468
0.00017416207249411892
0.00017117048204071236
0.0001681003978135264
0.0001649472490160731
0.0001617065076123692
0.0001583738126331669
0.00015494517419468396
0.00015141731874162857
0.00014778824100104607
0.00014405804494157436
0.0001402301152647434
0.00013631250972857815
0.0001323191387753803
0.00012826994106140456
