0.002735801468199838
0.0009967115641303403
0.0008495323941676749
0.0008247996872892419
0.0008387551818721872
0.0008714115287491215
0.0009156413969113419
0.0009684011913014193
0.0010282983287382835
0.001094679846802605
0.0011671863960240718
0.001245516159724219
0.0013293582086698445
0.0014184405877418946
0.0015125984895845539
0.0016118141556423701
0.0017162401476444574
0.0018262283334703178
0.0019423583132486258
0.0020654147461814693
0.0021962573440373464
0.0023356263303177614
0.0024840320131897637
0.0026417967913363555
0.0028091621332010305
0.0029863645292720975
0.003173662348143014
0.00337133470682798
0.00357967122938051
0.0037989611151783885
0.004029483751283264
0.004271500831705712
0.004525249392596353
0.004790935197783381
0.005068726041983925
0.005358744771996143
0.005661062122758777
0.005975689830762977
0.006302574798075375
0.006641595146397587
0.006992558657742778
0.007355203362124646
0.007729199258974379
0.008114149764120119
0.008509591693665807
0.00891499322581646
0.009329749964456553
0.009753179664765655
0.01018451632176
0.010622904284151715
0.011067392961428934
0.011516932623296743
0.011970371788673058
0.012426456726779672
0.012883833593365363
0.013341053624719795
0.013796581469054759
0.01424880613368751
0.014696053177064185
0.015136595994625166
0.015568663703687995
0.015990443616628172
0.0164000775259827
0.016795652555494107
0.017175188570716683
0.017536624732578818
0.017877807852211658
0.018196485028640415
0.018490302902708533
0.018756815840604072
0.018993505722631494
0.019197817335340817
0.0193672167744381
0.019499286601470878
0.019591879990553007
0.019643360892502897
0.019652940424813765
0.01962104721751453
0.01954952741064896
0.019441383060054204
0.019299986966138608
0.019128172888615402
0.018927690612043496
0.01869911765753319
0.01844200283367697
0.018155022665317395
0.01783607427552343
0.017482376037883312
0.017090768451722874
0.016658356560126802
0.016183224921253854
0.015664612088867214
0.015102416198349233
0.014496636185892097
0.013847302192991745
0.013155010205367714
0.012421969499434363
0.011653331321855448
0.010858157833131814
