0.007641673944415395
0.0077362147627801905
0.007832755713211034
0.007931027363075471
0.00803077550454065
0.008131759263321698
0.008233749564259185
0.008336527888795242
0.00843988527215583
0.008543621494790073
0.00864754443131101
0.008751469526417166
0.008855219373853543
0.008958623373274622
0.00906151745041054
0.009163743824496971
0.009265150809991669
0.009365592642002898
0.009464929319133423
0.009563026454506853
0.00965975513102961
0.009754991757615399
0.009848617921035328
0.00994052023401054
0.010030590177165306
0.010118723933569223
0.01020482221787763
0.010288790098139749
0.010370536814275615
0.01044997559018953
0.010527023445227688
0.010601601003322664
0.010673632302269413
0.010743044606004774
0.010809768219331207
0.010873736307309348
0.010934884721808605
0.010993151834300118
0.011048478378288429
0.01110080729962942
0.011150083618314901
0.011196254300327247
0.011239268140220759
0.011279075654645731
0.011315628988392851
0.011348881830641797
0.011378789341856042
0.011405308092627992
0.011428396011510527
0.01144801234320229
0.01146411761684049
0.011476673621339825
0.011485643391228293
0.011490991198773053
0.011492682554079335
0.01149068421256228
0.011484964189078194
0.011475491777896389
0.011462237579916159
0.011445173535947326
0.011424272965684237
0.011399510613903926
0.011370862701814963
0.011338306987151851
0.011301822827974602
0.011261391256391577
0.011216995057645708
0.0111686188572123
0.011116249214712402
0.011059874726394381
0.010999486133507685
0.01093507643928014
0.010866641031776108
0.01079417781309624
0.01071768733577583
0.010637172941768434
0.010552640907196504
0.010464100589694906
0.010371564575286912
0.010275048827515702
0.010174572832527533
0.010070159741214496
0.00996183650474439
0.009849634002073622
0.009733587156592399
0.00961373504031519
0.0094901209608359
0.009362792532618219
0.009231801726078287
0.009097204894454616
0.00895906277559598
0.00881744046634549
0.008672407368138858
0.00852403710193005
0.00837240739109237
0.008217599909974728
0.008059700101319737
0.007898796956552925
0.0077349827642353985
