0.02247366722698078
0.007777965059176288
0.006309961397769989
0.005836416307675293
0.005661312359284411
0.005617140638333146
0.005642201287462615
0.005708062056740941
0.005799705185642475
0.005908463306789568
0.006029023617560774
0.0061579825988401634
0.006293071473002365
0.006432699387861483
0.006575662300359301
0.006720955880954055
0.00686767197970841
0.007014966862421925
0.0071620794034592365
0.007308369394517796
0.007453352357681306
0.007596722126489111
0.007738364019252743
0.007878364542236041
0.008017019860590039
0.008154838076195537
0.008292522651466334
0.008430920414537184
0.0085709238051444
0.008713337254239544
0.008858744108893509
0.009007422643383582
0.009159340964585386
0.009314221104096472
0.009471633231757256
0.009631080844896452
0.009792057501421793
0.009954074974102192
0.010116671670049336
0.01027941060054117
0.010441873242791604
0.010603652648006587
0.010764347170904708
0.010923555179638217
0.011080870694141771
0.011235879787601521
0.011388157602149432
0.011537265874786873
0.011682750905192569
0.011824141933787034
0.011960949912394046
0.01209266668455552
0.012218764607233814
0.012338696695681451
0.012451897417504578
0.012557784331318739
0.01265576085404198
0.012745220549642465
0.012825553463486615
0.012896155169738507
0.012956439356391956
0.01300585490476274
0.013043908421409178
0.013070192839997512
0.013084421558778864
0.013086465092800217
0.013076383121158077
0.013054440259483649
0.01302109234160614
0.012976936052766425
0.012922628894672482
0.012858800717563108
0.012785981199235708
0.012704557439941741
0.012614761246653741
0.01251667643690445
0.012410254961303728
0.012295333686498456
0.012171647845220322
0.012038840905916018
0.01189647389537445
0.011744039976796426
0.01158099106086435
0.011406779557810234
0.011220908424547215
0.01102297143475742
0.010812664719554388
0.010589765571716538
0.010354093875528195
0.010105479089026696
0.009843749291486324
0.0095687486014981
0.009280383375846416
0.00897869626932273
0.008663966305259056
0.00833682784134624
0.007998388749567192
0.007650310251981943
0.0072947992230558666
