0.0006525696682349338
0.0006910287793269582
0.0007313219696477226
0.0007735313401008541
0.0008177422652276575
0.0008640434939867845
0.0009125272479908938
0.0009632893218336628
0.0010164291825610836
0.0010720500675442648
0.0011302590823305217
0.001191167296776117
0.0012548898382976556
0.001321545982609844
0.0013912592420953916
0.0014641574488863615
0.0015403728334195332
0.0016200420983391692
0.001703306484033003
0.0017903118281598605
0.0018812086161657695
0.001976152021283959
0.002075301934332906
0.0021788229800014103
0.002286884520316196
0.002399660641340972
0.0025173301230405768
0.002640076389539696
0.002768087437855612
0.0029015557433532497
0.0030406781382494217
0.003185655663035482
0.0033366933839965238
0.003494000178610806
0.003657788481860327
0.0038282739916581767
0.004005675329449506
0.004190213652136484
0.004382112210471316
0.004581595850158803
0.004788890450491584
0.005004222295197994
0.005227817370343278
0.005459900583294016
0.005700694896611985
0.005950420370517956
0.006209293106346952
0.006477524084411053
0.0067553178886232456
0.007042871309091046
0.007340371814412266
0.00764799588566825
0.007965907201103482
0.008294254663090073
0.00863317025779128
0.008982766734887602
0.009343135099080718
0.00971434190098778
0.010096426316644529
0.010489397003983793
0.01089322872487885
0.01130785872086643
0.011733182832335922
0.012169051347667756
0.012615264574088403
0.01307156811736092
0.013537647862218982
0.01401312464472518
0.014497548608008365
0.01499039323461842
0.015491049054906465
0.01599881702274148
0.016512901565351765
0.01703240330398366
0.017556311456842853
0.018083495931595552
0.018612699121561875
0.019142527427193225
0.019671442525385392
0.020197752418600147
0.020719602300491777
0.021234965285828925
0.02174163305330251
0.022237206467155605
0.02271908624409532
0.0231844637513763
0.02363031202134705
0.02405337708712386
0.024450169749006333
0.024816957894865842
0.025149759506877138
0.025444336497181502
0.025696189518995497
0.025900553920173305
0.02605239699447429
0.026146416700852187
0.026177042019014066
0.026138435104189634
0.026024495397279503
