0.9999845130899994
3.7980458232724954e-07
2.81826815514171e-07
2.5044915769670544e-07
2.357462585670098e-07
2.27606249954819e-07
2.2263910975106717e-07
2.193958025317442e-07
2.171579270947237e-07
2.1553113109059806e-07
2.142820471606597e-07
2.1326474223878488e-07
2.12383495360248e-07
2.1157487201102257e-07
2.1079434073044645e-07
2.1001099782947277e-07
2.0920313066026956e-07
2.083556171642722e-07
2.0745775594937686e-07
2.0650332164050443e-07
2.0548851174094093e-07
2.0441404928933093e-07
2.0328385600132234e-07
2.0210665662482205e-07
2.008940300468677e-07
1.9965187947929656e-07
1.9837317311858437e-07
1.9704156040662475e-07
1.956421288316373e-07
1.941668266105129e-07
1.926144413622284e-07
1.909853068558889e-07
1.892827844486499e-07
1.8751025704864992e-07
1.8567087966123427e-07
1.8376870463456132e-07
1.818067932648495e-07
1.797884620015935e-07
1.777165728804615e-07
1.7559488199851041e-07
1.7342595131356113e-07
1.712124690085351e-07
1.689583552559143e-07
1.6666735257234416e-07
1.6434540526831856e-07
1.620021880337333e-07
1.596547556573355e-07
1.5733139347485516e-07
1.5507658944623908e-07
1.5294043821320602e-07
1.509539057816385e-07
1.4910970269258307e-07
1.4737741746760643e-07
1.4572697213762522e-07
1.441378719873938e-07
1.4259860247719372e-07
1.4110194824710332e-07
1.396421663342919e-07
1.3821543537793423e-07
1.3681788090989101e-07
1.3544625324795775e-07
1.34096999273772e-07
1.327674846425804e-07
1.31454213507234e-07
1.3015397646856588e-07
1.2886454485895395e-07
1.2758261035047055e-07
1.263052658195229e-07
1.2502966864292862e-07
1.2375282108074876e-07
1.2247156496484625e-07
1.2118228265507971e-07
1.1987969305267892e-07
1.1855838748052851e-07
1.1721309715913662e-07
1.158411064754731e-07
1.144434539229687e-07
1.1302086955264137e-07
1.1157345616467779e-07
1.1010023551895964e-07
1.0859951174505328e-07
1.0706887186060967e-07
1.0550605901650215e-07
1.0390836502210728e-07
1.0227353845052703e-07
1.0059832439092412e-07
9.88806506316074e-08
9.711705989495874e-08
9.530551179515466e-08
9.344221563517366e-08
9.15244169999865e-08
8.954911560459435e-08
8.751326669079334e-08
8.54137725485947e-08
8.324862784286481e-08
8.101617074327866e-08
7.871861442287734e-08
7.63631559537648e-08
7.396552426751432e-08
