0.8847870470986513
0.0010353493802768875
0.0007902235452372697
0.0007213885816487512
0.0006970353052510939
0.0006904562896757104
0.0006926756560986761
0.0006998374168698758
0.0007100157253842912
0.0007221453593894448
0.0007355968189680345
0.0007499897959854412
0.0007651082222636423
0.0007808571439811384
0.0007972132387841898
0.0008141280729719293
0.0008314330243049715
0.0008488696920558315
0.0008662030256558529
0.0008832767101110526
0.0009000019483496605
0.0009163310445399374
0.0009322392470291179
0.0009477169977324775
0.0009627708324629006
0.0009774333578633546
0.0009917855049104466
0.001005992826625966
0.0010203387916589298
0.0010351919831390068
0.0010508465896932632
0.0010673533554472507
0.0010845510522243997
0.0011022296657318765
0.0011202264071836505
0.0011384329771050227
0.001156775383696878
0.0011751971885337977
0.0011936503374802001
0.001212090932983324
0.0012304773804090318
0.0012487694318362046
0.001266927444342933
0.0012849116435293398
0.0013026813898187862
0.0013201945255163232
0.0013374068640665308
0.0013542718570633866
0.001370740402946426
0.001386760728449903
0.0014022782690139837
0.0014172355338500852
0.0014315719764475229
0.0014452239372827087
0.0014581247096195947
0.0014702047250390328
0.0014813917090518442
0.0014916106296530103
0.0015007834204681099
0.0015088287968819125
0.0015156627402577677
0.0015212000275764508
0.0015253567148865823
0.0015280533371834562
0.0015292193967477309
0.0015288012839520522
0.0015267772397195467
0.0015231816396793477
0.0015181291941205146
0.0015118076014814961
0.001504418166671434
0.0014961106651920897
0.0014869654602959834
0.0014770107206409904
0.001466243923740524
0.0014546460497613365
0.0014421889600860053
0.001428838544852587
0.0014145552692458117
0.0013992925058641209
0.0013829919141483836
0.0013655746233968296
0.0013469298259230309
0.0013269152235922932
0.0013053987819207167
0.0012823288985865159
0.0012577412462315743
0.0012316896751296002
0.0012041941113431582
0.0011752341055695924
0.0011447599983517443
0.001112703521988119
0.0010789850543683908
0.0010435202121025409
0.0010062305459476546
0.0009670661034381002
0.0009260522105290429
0.0008833709153339028
0.0008394515920035345
