0.0005067668983210257
0.0005443946064010855
0.0005842668192628411
0.0006265019690930516
0.0006712234259751168
0.0007185597188331455
0.0007686447642212388
0.0008216180991832305
0.0008776251106403872
0.000936817261155601
0.0009993522996862656
0.0010653944570484556
0.001135114617619804
0.0012086904642660326
0.0012863065889654156
0.001368154567500908
0.001454432991079745
0.0015453474531576653
0.0016411104856329855
0.001741941443133375
0.0018480663275932832
0.0019597175551235744
0.002077133656226994
0.0022005589083708655
0.0023302428965940184
0.002466439996334148
0.002609408774785816
0.002759411306180964
0.002916712393755208
0.0030815786954464844
0.0032542777441390146
0.0034350768589022735
0.0036242419395132197
0.0038220361372529703
0.004028718396901837
0.0042445418606399795
0.0044697521310718535
0.004704585382862316
0.004949266320645374
0.005204005974661748
0.00546899933117036
0.0057444227925833626
0.006030431464223897
0.006327156264892189
0.006634700861804915
0.006953138428355321
0.0072825082301056655
0.007622812040679881
0.007974010397237032
0.008336018702460991
0.008708703190280774
0.009091876766763181
0.009485294749919555
0.009888650531733637
0.010301571192783854
0.010723613101284942
0.011154257540768875
0.011592906406602103
0.012038878028809739
0.012491403173786511
0.01294962129531687
0.013412577099293378
0.01387921750467864
0.01434838907994474
0.014818836044143904
0.015289198923793278
0.015758013961506747
0.01622371337154113
0.016684626537858443
0.01713898225201627
0.01758491207494748
0.01802045491067061
0.018443562861039545
0.01885210842827174
0.019243893108693497
0.019616657414845674
0.019968092339592625
0.020295852258883595
0.02059756925031958
0.02087086878327416
0.021113386711298886
0.02132278748231678
0.021496783441666653
0.021633155090684017
0.021729772119074925
0.021784615003997934
0.021795796916088024
0.02176158563926996
0.021680425158027025
0.021550956508349314
0.021372037442150577
0.021142760411878035
0.020862468322994977
0.020530767495240423
0.020147537237087135
0.019712935469960946
0.01922739984933439
0.018691643905060264
0.018106647799764557
