3.681837183007117e-08
4.61411410590919e-08
5.796885909004545e-08
7.291263586027118e-08
9.17281351954448e-08
1.1535146230692503e-07
1.449403563031238e-07
1.8192840739163175e-07
2.2809905200277735e-07
2.8568088098493644e-07
3.574585826102367e-07
4.4689636987988064e-07
5.582775907442858e-07
6.968742987595376e-07
8.691613798042356e-07
1.083078409012657e-06
1.3483511574741125e-06
1.676873960740951e-06
2.0831700834367554e-06
2.5849418233480715e-06
3.203726250342704e-06
3.965679583484193e-06
4.9025080482688614e-06
6.0525744006969715e-06
7.462206969425069e-06
9.187244695045224e-06
1.1294854011580709e-05
1.3865660979224157e-05
1.699624361162596e-05
2.0802035860274543e-05
2.5420700814637127e-05
3.101603309095687e-05
3.778245752228252e-05
4.595019696518104e-05
5.5791178070723065e-05
6.762575606068138e-05
8.18303327009348e-05
9.884594404286598e-05
0.00011918788595069891
0.00014345644280746661
0.0001723487650631804
0.0002066719325045064
0.0002473571990321532
0.00029547540442864727
0.0003522534756627295
0.00041909189723322816
0.0004975829705735134
0.0005895295946912064
0.0006969642172890087
0.0008221674973542643
0.0009676860971524126
0.0011363488900986444
0.0013312807144170275
0.001555912641870252
0.0018139875578825403
0.0021095596676565325
0.0024469863661489757
0.0028309107339002802
0.0032662327691384274
0.0037580673429778288
0.0043116867785773704
0.0049324459360863
0.005625687751289822
0.006396627313943849
0.0072502128724079564
0.008190962550525382
0.009222776161821863
0.010348722287240137
0.011570801808509964
0.01288969038254762
0.014304463948762931
0.015812313283338476
0.017408255772654008
0.019084854796737435
0.02083195903141142
0.022636475155630453
0.024482187542762896
0.02634963762198449
0.02821607497134445
0.030055494327861657
0.03183878137894727
0.033534009076582466
0.03510695651568918
0.03652195931866464
0.03774322580260399
0.038736722557382475
0.03947256300551719
0.039927435055597885
0.04008606214052872
0.039940516635534926
0.03948708607181908
0.038722086931985686
0.03763906437213731
0.03622931611810093
0.03448617213416035
0.03241171229145666
0.030023502483846793
0.027359285202669364
0.024478190562899467
