0.9988421812226383
2.0967358168505987e-05
1.5707745765125825e-05
1.4085799777479952e-05
1.337539136890445e-05
1.3024374587737438e-05
1.2847458942384583e-05
1.2765277319976327e-05
1.273834395102425e-05
1.2744868389809177e-05
1.2771870900395882e-05
1.2811157877982792e-05
1.285732885030518e-05
1.2906714601394963e-05
1.2956793116470708e-05
1.3005866375023437e-05
1.305291176162883e-05
1.309754719825435e-05
1.3140015190280487e-05
1.3180922899038134e-05
1.3220437024192604e-05
1.3257458254044803e-05
1.3289984120853163e-05
1.3316225835330741e-05
1.3335132276072067e-05
1.3346272120024706e-05
1.3349572499225805e-05
1.3345136882219882e-05
1.3333150898807036e-05
1.3313833461981613e-05
1.3287421785591137e-05
1.3254170682123443e-05
1.321436564238624e-05
1.3168361331882756e-05
1.311665819328697e-05
1.3060058214976365e-05
1.2999944571462092e-05
1.2938684868189752e-05
1.2879885818210731e-05
1.2827676227310697e-05
1.278456505681604e-05
1.2749876961752974e-05
1.2720896283548153e-05
1.2694920054962251e-05
1.2670089988752184e-05
1.2645267999992639e-05
1.261972689768682e-05
1.2592938803385797e-05
1.2564464085118334e-05
1.2533901212570018e-05
1.2500862846454997e-05
1.2464968589117374e-05
1.2425844677732158e-05
1.238312944163749e-05
1.2336490430317893e-05
1.228566224783877e-05
1.2230515912232661e-05
1.2171168561624442e-05
1.2108092070600335e-05
1.2042071305662327e-05
1.1973931332661504e-05
1.190424969616873e-05
1.1833282877101565e-05
1.1761053370327283e-05
1.1687450729117258e-05
1.1612297178729284e-05
1.1535383245422257e-05
1.1456484056170144e-05
1.1375367848112493e-05
1.129179823693291e-05
1.120553667214435e-05
1.11163390487436e-05
1.1023957364397596e-05
1.0928131974241214e-05
1.0828583010315703e-05
1.0724986181590503e-05
1.0616933591978293e-05
1.0503881770601188e-05
1.038515414346419e-05
1.02601308428866e-05
1.0128562627038768e-05
9.99059288738457e-06
9.846459202485715e-06
9.696269152506608e-06
9.539978385437403e-06
9.37743985828375e-06
9.20844703075474e-06
9.032754347524273e-06
8.85008907983533e-06
8.660154184866272e-06
8.462627974557567e-06
8.25716939657235e-06
8.04342128549251e-06
7.821030978169088e-06
7.589694625366702e-06
7.349263383857011e-06
7.099957203955202e-06
6.842731291251768e-06
6.579665112491846e-06
