0.018787795609495242
0.018196221861168146
0.017676694290929957
0.01721671474192989
0.016806453234510944
0.016438050316392346
0.016105132472958934
0.015802467378640918
0.015525713433316832
0.015271234391485113
0.015035959883080178
0.014817278900475966
0.014612957360472177
0.014421073516944657
0.014239966787182744
0.014068196782103366
0.013904510182180412
0.013747813713616948
0.013597151903454986
0.013451688619050547
0.013310691623838768
0.013173519556258607
0.013039610870701563
0.012908474378771321
0.012779681101642333
0.012652857208458308
0.012527677856728169
0.012403861789055004
0.012281166567685992
0.012159384349975712
0.012038338128653804
0.011917878369804302
0.011797879997188924
0.011678239679489914
0.011558873381846638
0.011439714153781184
0.01132071012514959
0.011201822690461744
0.011083024860021023
0.010964299765006248
0.010845639299884881
0.010727042890831238
0.010608516379821704
0.010490071013623023
0.010371722530419639
0.01025349033520635
0.010135396757533556
0.010017466385499366
0.009899725469071497
0.009782201389069111
0.009664922185531097
0.00954791614082558
0.00943121141452642
0.009314835725300438
0.009198816075874432
0.009083178518447603
0.00896794795716064
0.008853147984205396
0.008738800747538102
0.008624926846915088
0.008511545256845119
0.008398673272663094
0.008286326479637778
0.008174518741180721
0.008063262205440472
0.007952567328390604
0.007842442911292227
0.007732896151304169
0.007623932704489712
0.007515556757110594
0.007407771108571339
0.0073005772593199994
0.007193975506415471
0.00708796504434049
0.006982544069133013
0.006877709886333787
0.006773459019763692
0.0066697873222094604
0.006566690085251092
0.0064641621485102725
0.006362198006538102
0.006260791913611789
0.006159937983509176
0.006059630286633129
0.005959862940372062
0.0058606301945563054
0.005761926510020436
0.005663746630619885
0.005566085646382832
0.0054689390506855425
0.005372302787262778
0.005276173289508792
0.005180547510752985
0.005085422945543078
0.004990797642776414
0.004896670208805154
0.004803039802476774
0.004709906122949088
0.004617269387547462
