0.021799694857441095
0.020830806291161737
0.020002901791669445
0.01928582182919635
0.018657631595847886
0.018101899960455907
0.017606013898389183
0.017160090995472263
0.016756253109829387
0.016388126596948698
0.01605048943603197
0.01573901638524272
0.015450091226368255
0.01518066596969551
0.014928153580079258
0.014690345068848705
0.014465344575086152
0.014251517924130888
0.014047451413503637
0.013851918454403549
0.013663852311982442
0.01348232362994205
0.013306521742504938
0.01313573901158148
0.012969357601352746
0.012806838231247926
0.012647710549394935
0.012491564839430532
0.012338044837761367
0.012186841477231402
0.012037687412245689
0.011890352206173783
0.011744638085496075
0.011600376177194508
0.011457423170428797
0.011315658339739052
0.011174980890156802
0.01103530758243108
0.010896570607348582
0.010758715679188343
0.010621700326559206
0.01048549235809695
0.01035006848580548
0.010215413089745266
0.010081517110757974
0.009948377057748651
0.009815994119653688
0.009684373371603789
0.009553523066527686
0.009423454004623404
0.009294178972525519
0.009165712247087064
0.009038069157098745
0.008911265696867843
0.008785318188617221
0.008660242987491644
0.008536056226352763
0.008412773596135016
0.00829041015886955
0.008168980189526399
0.008048497045456465
0.007928973058918076
0.007810419452688484
0.007692846274943274
0.007576262351763067
0.007460675257222859
0.007346091297226527
0.007232515506712478
0.007119951660255068
0.00700840229113691
0.006897868722901002
0.006788351107564387
0.006679848472346216
0.006572358772948452
0.0064658789531740046
0.006360405009138533
0.006255932057009652
0.006152454405576249
0.006049965630081653
0.005948458648514903
0.0058479257983421375
0.005748358913931671
0.005649749403167592
0.005552088323212041
0.005455366453543971
0.005359574367596746
0.005264702499735538
0.005170741210385585
0.0050776808441329035
0.0049855117859571195
0.004894224509614739
0.004803809622550229
0.004714257903161769
0.0046255603331521134
0.004537708123032711
0.004450692731750695
0.00436450587920004
0.004279139553997119
0.004194586013985803
