0.00815241125877348
0.008233912457357273
0.008314588438823082
0.00839442303042158
0.008473399632323995
0.008551501235600695
0.00862871044065657
0.008705009475203826
0.008780380211032663
0.00885480418219998
0.008928262600406451
0.009000736372728009
0.009072206117190042
0.009142652179783722
0.009212054649595477
0.009280393375422403
0.00934764798086931
0.009413797880871677
0.009478822296963282
0.009542700272618944
0.009605410689606667
0.009666932282786957
0.009727243656207429
0.00978632329850498
0.009844149598495729
0.009900700860889016
0.009955955321862187
0.010009891165067689
0.010062486536836992
0.010113719562480262
0.010163568361746665
0.010212011065229547
0.01025902582987314
0.010304590854920897
0.010348684398215456
0.010391284792103899
0.01043237045994024
0.010471919931434363
0.010509911859565527
0.010546325036701342
0.010581138410321276
0.010614331099820521
0.010645882412260025
0.010675771859193807
0.010703979172002345
0.010730484318916827
0.01075526752076608
0.01077830926665148
0.010799590330820081
0.010819091787912398
0.010836795028887807
0.010852681777055326
0.010866734103386526
0.010878934442061118
0.010889265605668672
0.010897710800692382
0.010904253641769451
0.010908878167485104
0.010911568853601982
0.01091231062844959
0.010911088886230842
0.01090788950096739
0.010902698840318676
0.0108955037778926
0.010886291706767547
0.010875050551283459
0.010861768779796605
0.010846435415442246
0.010829040048208869
0.010809572844980547
0.010788024560459797
0.010764386546501638
0.01073865076176917
0.010710809780099707
0.010680856799434315
0.010648785648782848
0.010614590795873962
0.010578267353129557
0.010539811083922606
0.010499218407786915
0.010456486404437526
0.010411612818306172
0.010364596060999228
0.010315435214478804
0.010264130031777825
0.010210680938890887
0.010155089034059156
0.010097356087309078
0.010037484539747933
0.009975477499596534
0.009911338740570194
0.009845072696904652
0.009776684458950382
0.009706179766492044
0.009633565003452372
0.009558847188608458
0.009482033968391212
0.009403133605975682
0.00932215497242368
