9.630753611880323e-05
9.286381746491986e-05
9.633939931585163e-05
0.00010315513849666716
0.00011225001974962808
0.0001232462706952959
0.00013602648095284664
0.000150594414825702
0.00016701500051004682
0.00018538438300208737
0.0002058176758484239
0.00022844956668914996
0.00025344277261309534
0.0002809996934440853
0.0003113730861997079
0.0003448701771089336
0.00038184511224050987
0.00042268193472540716
0.00046777889567773464
0.0005175432993241432
0.0005723961288630074
0.0006327798721742488
0.0006991647278804066
0.0007720520252769304
0.0008519755220866406
0.0009395014364119307
0.001035227767657034
0.001139783161490133
0.00125382543477324
0.0013780398306462841
0.0015131370711376406
0.0016598512672971184
0.0018189377147916177
0.0019911705305575497
0.002177340017832981
0.0023782495798781323
0.00259471199329886
0.0028275448714011986
0.0030775652011027985
0.003345582886834522
0.00363239328770162
0.0039387687466638545
0.004265449140805925
0.004613131474976101
0.004982458554783473
0.0053740067722381855
0.005788273050184636
0.006225661000862965
0.006686466356139354
0.007170861741930235
0.007678880864414359
0.008210402188501125
0.008765132189049478
0.00934258827110986
0.009942081494044165
0.01056269928610214
0.011203288429475176
0.011862438717039767
0.012538467840775069
0.013229408226184174
0.013932996679852115
0.01464666777771251
0.0153675518512577
0.016092478127987465
0.01681798300286268
0.01754032260287647
0.0182554878854556
0.018959219811236203
0.01964702203339705
0.020314169334711987
0.020955711787282394
0.02156647706027084
0.02214107607601847
0.022673919981890306
0.023159259208920802
0.02359125846058696
0.023964125239041574
0.024272313400580194
0.024510823958028657
0.024675612982974146
0.02476407250444024
0.024775458229862324
0.024711027002519783
0.024573641285627227
0.02436682991530047
0.024093643863607572
0.023755755972135337
0.023353026150534497
0.022883495037693075
0.022343721725578317
0.02172946157869145
0.021036648144978055
0.020262407399591377
0.019405701649340627
0.018467540872180853
0.017451202613315273
0.016362919567343443
0.015212957674528366
0.014016332199476289
