0.27762096182335994
0.0064074653141985675
0.004897013879940164
0.004465844788805804
0.004311563653792894
0.0042694442962317196
0.004283358052831821
0.004328890076178307
0.004393764871785907
0.004471198117462457
0.004557203837890218
0.004649368247158914
0.0047462315739671725
0.004846914486266151
0.0049508057787382605
0.005057260038671793
0.005165408100977734
0.005274204725500662
0.005382637381032522
0.005489895571773158
0.005595416589571338
0.005698854542816826
0.0058000375216440475
0.005898947278760016
0.005995733255634233
0.006090762865929359
0.006184698153585804
0.0062785579748172605
0.006373672764488062
0.006471426312056837
0.006572822649584909
0.006678159093802813
0.006787070963034309
0.006898856575449864
0.00701278369684135
0.007128230625538114
0.007244702135119247
0.007361798522820878
0.007479181258380141
0.0075965480485861905
0.007713617146096778
0.007830117699194995
0.007945783367521405
0.008060347522103719
0.008173539263541196
0.008285080021931908
0.008394680743104597
0.00850203966903436
0.008606840667361755
0.008708751985700905
0.008807425312437266
0.008902495072218127
0.008993577950904446
0.009080272683387226
0.009162160115719697
0.009238803488127972
0.009309748894340398
0.009374526037567455
0.00943264978156282
0.009483623440148624
0.009526945002577766
0.009562117512937743
0.00958866500065236
0.009606156231763616
0.00961424029694664
0.009612699250775406
0.009601519384476533
0.009580966635576426
0.009551620874715505
0.009514307318440395
0.009469917513836619
0.009419212942683329
0.0093627178253088
0.009300716679802869
0.009233305252680252
0.009160447222074555
0.009082016271141448
0.00899782033915683
0.008907610222238748
0.00881107470107246
0.008707824302449263
0.008597370500597747
0.008479121857802557
0.008352437722165944
0.008216763399856903
0.008071776632924079
0.00791740616958814
0.007753698823463287
0.007580663468995018
0.007398191955408323
0.007206054438806508
0.007003931414144589
0.006791461391296787
0.006568305586216135
0.006334246212723417
0.006089342932606309
0.005834164069696361
0.005570059061527193
0.005299327247287627
