0.3783142804673152
0.021622976463987552
0.015744482358507686
0.013631821882239404
0.012509190540831175
0.011799809785205742
0.011305206854257843
0.010937240514370828
0.01065002441923288
0.010416938891610241
0.01022131135665195
0.010052110165734224
0.00990174465542665
0.009764846554503312
0.00963754825025598
0.009517030725628019
0.009401226889924924
0.009288619260791438
0.00917809761467201
0.009068856309982049
0.008960318776549453
0.0088520811678208
0.008743869874321172
0.008635509264994769
0.008526897098229323
0.008417985748010491
0.008308767863240807
0.008199265419152096
0.0080895213598924
0.00797959321291862
0.007869548195752234
0.007759459446232976
0.007649403092899417
0.00753945595425184
0.007429693715790764
0.007320189483303509
0.007211012652977665
0.007102228072522518
0.006993895488547653
0.006886069285546812
0.006778798508210309
0.006672127151289233
0.0065660946616275355
0.00646073658790479
0.006356085288458318
0.006252170621020904
0.006149020546765429
0.006046661610391871
0.005945119285760176
0.005844418197094832
0.0057445822457320985
0.00564563467898935
0.005547598137074903
0.005450494708701153
0.00535434601993357
0.005259173365426729
0.0051649978791357565
0.005071840734464899
0.004979723349028557
0.004888667570359494
0.004798695817113192
0.004709831158369819
0.0046220973245405745
0.00453551864865181
0.00445011994694657
0.00436592634200273
0.004282963029462898
0.004201254975992505
0.004120826527509825
0.004041700897140167
0.003963899501222347
0.0038874411140205054
0.003812340832428566
0.0037386088649021907
0.0036662491974504855
0.003595258234115874
0.003525623545509945
0.0034573228903291282
0.003390323674722594
0.003324582984146103
0.0032600482553411694
0.00319665857370863
0.003134346494783877
0.003073040214233354
0.003012665891527137
0.002953149932701526
0.0028944210879270913
0.0028364122706011612
0.0027790620694273568
0.002722315960607337
0.0026661272524571757
0.00261045779779775
0.0025552784915442925
0.0025005695521198258
0.002446320564029691
0.0023925302403868796
0.002339205868451618
0.0022863624125599425
0.0022340212838062017
