0.9999999999762622
-3.0843418046515173e-13
7.684093347399285e-14
-6.484660034557785e-14
7.69184233831999e-14
-4.009514015628477e-14
1.0272635039227447e-13
6.944654829091389e-14
4.147878594567921e-14
1.9646682301459372e-14
5.169286493022452e-14
-3.638946651501201e-14
7.40126462585788e-15
1.831586436879841e-14
1.0417975347416092e-13
-5.666899444817762e-14
2.0476892750864728e-14
-4.732866049485078e-14
-1.2727964298839267e-14
-5.687903490217416e-14
8.407459299066e-15
-3.557084368808333e-14
2.162163406215639e-15
5.916441788529278e-14
1.5527082928862984e-13
-3.467747465048243e-14
-1.3210854393937155e-14
5.871442654986625e-14
-6.458025168234668e-14
3.869646302608748e-14
-6.324757070071824e-14
-1.0717812813469674e-14
-1.0329939486262985e-14
4.2837844274438985e-14
-3.982946784886199e-14
-2.249963453396231e-15
-3.936846508512115e-15
-7.260498083826172e-14
3.851568586635268e-14
2.8827309463130835e-14
-4.1593844254256274e-14
2.1912322217126912e-14
-2.6739515549684123e-14
1.4414467883194781e-15
3.0971644519872665e-14
-6.537603574816031e-15
-7.405748648874055e-14
-3.204177916917017e-14
-3.214691967484695e-14
1.3323516552185555e-14
4.993339183974321e-14
-3.076765188111952e-14
6.311216740190195e-14
8.587084493992536e-14
3.239024174740701e-14
8.467000971873473e-14
-1.8402407419085276e-14
4.3275767084433037e-14
-8.766308534115252e-14
-8.655213048006094e-15
2.480375388587419e-14
5.6793220300221936e-14
-1.5152755352548786e-14
8.577584172456132e-15
-2.9688924929605065e-14
6.307533163309176e-14
-8.738756246406965e-14
2.9796721730604436e-14
1.089940312483384e-14
1.656563341362327e-14
3.552984729343622e-14
-7.861685477963953e-14
-7.39640282614723e-14
1.1446410225907089e-14
2.5725352837541182e-14
-8.708853950489814e-17
-1.8800255406278832e-14
5.0830447164730563e-14
-4.000948606707605e-14
6.454758331563698e-14
3.2590737834153893e-14
7.244134762537935e-14
-5.2536439283136505e-14
9.85824377859601e-15
3.125405208075083e-14
6.128237294792532e-14
9.606550310011647e-14
-5.571750200973613e-14
-2.0409021694867135e-15
-6.7021719120721746e-15
-6.71201104678748e-14
2.7617028130512422e-14
4.199524300356472e-14
-3.5517297653289703e-14
-7.22184763162978e-14
2.2194133466810206e-14
3.992074411925811e-14
-2.8682175449816494e-14
4.2084776080155394e-14
