-2.918829186595445e-13
1.4236715647521214e-13
7.828088763144059e-14
1.0420389052502588e-13
-2.5567899577041975e-14
-1.3499002805318627e-13
1.0198466420321961e-13
-1.0702989059266366e-13
6.713949058170798e-14
9.302229667974837e-14
3.094838838327285e-14
5.639458626645333e-14
-4.387657771831588e-14
1.6050116964649863e-13
9.808313558047621e-14
-7.390577949975552e-14
8.706617783509063e-14
4.396510282569932e-14
7.55973517292674e-14
-7.81804363001598e-14
5.405956715262561e-14
9.575077276197108e-15
-1.489919027996417e-13
-2.827499519242327e-13
4.895132151190584e-14
7.164792847555446e-14
9.162321509131877e-16
5.79222271274854e-14
4.9162605410268956e-14
-4.287762094164205e-14
4.077722317794019e-14
-3.076437216954775e-14
1.2747414885813657e-13
6.916307262148924e-14
3.8334596998493287e-14
2.4579134300789507e-15
3.0856729931610927e-13
3.010622079326758e-13
4.262829509955185e-13
8.841111165652088e-13
1.6641712422167665e-12
3.1810336699814035e-12
5.942810479830918e-12
1.0963037715052554e-11
2.046192574644938e-11
3.841533124590568e-11
7.133247687191382e-11
1.3213753279495838e-10
2.434534125943938e-10
4.4685698538790217e-10
8.16632140517937e-10
1.4863829104171111e-09
2.6935955770002705e-09
4.85959194187883e-09
8.726457404286455e-09
1.5596504774196933e-08
2.773837036828381e-08
4.908557061587262e-08
8.641124959500525e-08
1.5130843643128148e-07
2.634841446501996e-07
4.5621133210510577e-07
7.85261358140669e-07
1.3434155904142725e-06
2.283815783170242e-06
3.8571491916125015e-06
6.470246276706504e-06
1.0777336801153056e-05
1.7820426684836025e-05
2.9242344598016696e-05
4.760538558297927e-05
7.686029855124348e-05
0.0001230244030558334
0.00019514275745168634
0.0003066200310586618
0.0004770182755014889
0.0007344091125477436
0.0011183357168723577
0.0016833630861789518
0.0025030525652208887
0.0036739639547303253
0.005318944588664309
0.0075885022704504715
0.010658502223443157
0.014721857749904508
0.01997146644454456
0.026571659960860118
0.03461629609338755
0.04407382289208349
0.054723569465733216
0.06609313591741107
0.07741412848324108
0.08762547364840798
0.09547403920216846
0.09975595328194227
0.09956686246462622
0.09424060595392351
0.08330523108737131
0.06726690329816407
