0.999999894974371
2.5657616440080217e-09
1.908801662284884e-09
1.699145849889239e-09
1.6008091291038991e-09
1.546109338979387e-09
1.5126135290599758e-09
1.490620351903406e-09
1.4754008755826428e-09
1.4641624854745228e-09
1.4555921285107392e-09
1.4487653812404999e-09
1.4426335611759114e-09
1.4369287474754658e-09
1.4316766008697394e-09
1.4261251387028155e-09
1.4206861456502492e-09
1.4146793902425743e-09
1.4085378127124933e-09
1.401911352185655e-09
1.3948843812188474e-09
1.3875523055589318e-09
1.3797894764864784e-09
1.3717655881335833e-09
1.3633081821186375e-09
1.3549914965823777e-09
1.346256181987113e-09
1.3372152154905747e-09
1.327832350506624e-09
1.317733394775107e-09
1.307253299024909e-09
1.2961063676770454e-09
1.2844692961402752e-09
1.2723146408266282e-09
1.2599482032814183e-09
1.2469517444325267e-09
1.233716798066818e-09
1.219948588214437e-09
1.2058158509569415e-09
1.191341159342905e-09
1.1766129658584944e-09
1.1615947891673657e-09
1.1463961990663312e-09
1.1306024001668698e-09
1.1147808643061888e-09
1.0988957759768274e-09
1.0826068856895034e-09
1.0665604114408651e-09
1.0508691547836792e-09
1.0361028543915025e-09
1.022469810628055e-09
1.0098836591487902e-09
9.98224724385103e-10
9.871751407534041e-10
9.762047331080155e-10
9.659085605563135e-10
9.559396665632762e-10
9.458723843435552e-10
9.362836356404931e-10
9.267672226397192e-10
9.175500026247342e-10
9.083976066815596e-10
8.994902632077767e-10
8.905285971902161e-10
8.817305008995715e-10
8.729872603677799e-10
8.642354547701158e-10
8.554716352257989e-10
8.470461004969013e-10
8.383332135802982e-10
8.297118504472828e-10
8.209313689089666e-10
8.121709646603619e-10
8.03203019680181e-10
7.940808515905927e-10
7.849031268178082e-10
7.753463326478277e-10
7.655617451899052e-10
7.559799822938786e-10
7.459423759736263e-10
7.359090927623648e-10
7.256530666983798e-10
7.148322674733802e-10
7.039701835876692e-10
6.928659858613346e-10
6.816386778801926e-10
6.699899557459519e-10
6.581999558497204e-10
6.457910012736472e-10
6.330568128094225e-10
6.203089610616018e-10
6.068843617974472e-10
5.930782406460068e-10
5.788446067663985e-10
5.64255666274081e-10
5.490805017248119e-10
5.333004591677978e-10
5.173048440857175e-10
5.010685817590572e-10
