0.02029790150812891
0.019595050706521327
0.01897092754744316
0.01841278279493754
0.017910416955013705
0.01745556172123919
0.01704143626344927
0.016662422619608458
0.016313824049374044
0.01599168233887189
0.015692637736334804
0.015413820218136398
0.015152764108387135
0.014907340334827029
0.014675702163163138
0.014456241338288867
0.014247552350566564
0.014048403089609876
0.013857710577674383
0.013674520757794958
0.013497991556787915
0.013327378600228
0.013162023095349182
0.013001341494162467
0.012844816626835714
0.012691990057808916
0.012542455462667038
0.012395852861804547
0.012251863577951879
0.012110205807400446
0.011970630714333488
0.01183291897281696
0.01169687769543946
0.011562337694823923
0.011429151035833748
0.011297188840168445
0.011166339313281379
0.011036505967809584
0.010907606018824232
0.010779568933812544
0.010652335119406373
0.010525854731825539
0.010400086597150488
0.010274997230949684
0.010150559949727852
0.010026754061701022
0.009903564134283534
0.009780979327605497
0.009658992791181096
0.009537601116389953
0.009416803841342402
0.009296603003157104
0.009177002733913435
0.009058008897077831
0.008939628760395031
0.008821870702893562
0.008704743953562643
0.00858825835861533
0.008472424174307025
0.00835725188561724
0.00824275204595704
0.008128935137840933
0.008015811453133194
0.007903390988989921
0.00779168336095468
0.007680697729894084
0.007570442742135978
0.007460926481667312
0.007352156433157054
0.007244139455084827
0.007136881761113973
0.0070303889100464265
0.006924665803174262
0.006819716686724474
0.006715545160989196
0.006612154194327694
0.006509546140718666
0.006407722761023362
0.0063066852481653115
0.0062064342537548845
0.006106969916491429
0.006008291893009955
0.005910399389024714
0.00581329119095159
0.005716965698384511
0.0056214209547236806
0.005526654679323473
0.005432664297468036
0.0053394469687884985
0.005246999616007008
0.005155318949881731
0.005064401493630724
0.004974243605585319
0.004884841498329821
0.004796191256853168
0.004708288853998288
0.004621130163237366
0.00453471096956314
0.0044490269777575624
