0.9999999999050078
2.101087468749487e-13
1.4080804664612367e-15
4.998416807679932e-14
8.711348504871126e-14
1.443411311834045e-14
-2.7585362650812267e-14
-2.223469618058832e-14
-5.23805581157874e-14
4.8752980276976776e-14
-4.833996701189558e-15
1.0195343918065203e-13
-8.336232637344565e-14
-6.6285139269789406e-15
3.8378588501641886e-15
9.742331724335584e-14
1.585008708483715e-14
-1.076740151033373e-14
-1.9476147040606295e-14
5.7352397570681335e-15
4.9370175916191306e-14
1.0158811725863304e-14
1.42820867979343e-14
4.139944680472962e-14
-3.236915401515217e-14
5.794453458718429e-14
-6.065327818986777e-14
8.699394286534878e-15
-2.0239615105416275e-15
-1.8348034680135128e-14
-1.385481627428492e-13
-2.5696133588992698e-14
2.3251339005200822e-14
3.975265212494139e-14
-6.57078558230495e-14
8.6860667313296e-14
5.27737033760578e-14
-6.026266725217555e-14
-3.1966535538399676e-14
9.691173644826856e-14
5.988452463946692e-14
-5.789571838436813e-14
9.370293169858046e-14
-3.64835657344631e-14
-6.368224090419483e-15
-1.2341730827418462e-13
7.056794113901449e-14
-3.607644781869479e-14
-1.4031039784895283e-14
9.02424158620227e-14
7.235846036929283e-14
-4.0963096087885675e-14
3.5966496165877604e-14
3.256268410294083e-14
-3.66555201990193e-15
-9.338740176133287e-14
-2.4428890984737328e-14
1.7106135301661607e-15
-1.1533341556096977e-13
-2.2983703698922775e-14
4.8850300974484506e-14
-5.076748212356347e-14
-2.5785024614609353e-14
-7.797175448701066e-15
2.5038158395565557e-15
2.454327431393455e-14
-5.820010814429344e-15
-4.294158886981869e-15
1.0536886575936155e-14
-1.6548475914243688e-14
9.757747723975613e-14
-2.941431007184164e-14
-4.18664533380006e-14
-6.581725182225329e-14
-7.766762222510132e-14
2.269302909647941e-15
1.0568264742060601e-13
-7.589360997289907e-14
-2.7452649528636464e-14
4.49322382686107e-14
-7.177602696223362e-14
-4.036191953576962e-14
-4.964466880121032e-15
3.117523058281113e-14
-1.1174085745233042e-14
2.2447281121558416e-14
3.7500628687417437e-14
-4.387224090962594e-15
6.700026547023369e-14
-6.674845273941035e-14
1.861058101246607e-14
3.21302771714993e-14
-1.2771901591879242e-16
4.285315863012534e-15
8.566752315126644e-14
-1.897218276578072e-16
-2.1673621556327072e-14
1.3325319038297312e-15
7.335614320841399e-14
