0.002468669864319091
0.0025583845773562244
0.002650238397133538
0.0027442688097319085
0.002840513155414432
0.0029390085727269304
0.00303979193851043
0.003142899804945684
0.0032483683320029154
0.003356233216021169
0.003466529614154357
0.0035792920644242103
0.003694554400752092
0.0038123496639244385
0.003932710006682697
0.004055666594249327
0.004181249499319754
0.0043094875907314836
0.00444040841778047
0.004574038086621684
0.004710401131627913
0.0048495203801245095
0.004991416810004478
0.005136109400313732
0.005283614975480885
0.00543394804089357
0.005587120611952585
0.005743142034540138
0.005902018798112973
0.0060637543396293925
0.006228348840147491
0.006395799011508178
0.006566097875414876
0.0067392345325479035
0.006915193922579791
0.007093956575799982
0.007275498354335322
0.0074597901837884515
0.007646797776330757
0.007836481342575781
0.008028795295039933
0.008223687941117597
0.008421101166855844
0.008620970110647238
0.00882322282754163
0.009027779945075845
0.009234554308450823
0.009443450617956
0.009654365057794618
0.009867184916666463
0.010081788200085031
0.01029804323629974
0.010515808275651335
0.010734931083402136
0.01095524852851637
0.01117658616690797
0.011398757823185633
0.011621565168431627
0.011844797298615825
0.012068230312519836
0.012291626891596677
0.012514735883042194
0.012737291889077842
0.012959014861086516
0.01317960970429795
0.013398765892844389
0.013616157097718021
0.013831440830665112
0.014044258106369945
0.014254233124527583
0.014460972976896575
0.014664067379074596
0.014863088433821385
0.015057590425800465
0.015247109652674512
0.015431164296440581
0.01560925433651809
0.01578086151077719
0.01594544932482494
0.016102463117154072
0.016251330180339536
0.01639145994277734
0.016522244216614846
0.016643057510886322
0.016753257418167515
0.016852185073721233
0.016939165692379868
0.01701350918365291
0.017074510850505185
0.017121452168435268
0.0171536016524805
0.017170215805503833
0.017170540155500756
0.017153810375448428
0.017119253485842957
0.017066089139896184
0.016993530986071488
0.016900788102154854
0.01678706649967095
