0.0017968212970278408
0.0018758765073808113
0.0019573621159270967
0.002041339395732594
0.002127870244814091
0.0022170171310852797
0.002308843030809471
0.0024034113633106587
0.0025007859160235436
0.0026010307662719836
0.002704210193155634
0.0028103885842658606
0.0029196303322018852
0.003031999724507764
0.0031475608235808925
0.0032663773376847833
0.0033885124814650443
0.0035140288271118527
0.0036429881429392943
0.0037754512219186805
0.003911477697325393
0.004051125846036731
0.004194452378239501
0.004341512213336325
0.004492358241898375
0.00464704107228051
0.004805608761141393
0.004968106528715563
0.005134576455892117
0.005305057165809601
0.005479583485268981
0.005658186089256746
0.005840891125584882
0.0060277198200860155
0.006218688061756743
0.006413805967433915
0.006613077424974908
0.006816499615837455
0.007024062515691513
0.007235748372891409
0.007451531165491605
0.0076713760352051085
0.007895238700477328
0.008123064846923144
0.008354789495565217
0.008590336350734392
0.008829617126782636
0.009072530853947844
0.009318963166679193
0.009568785571891135
0.009821854702307098
0.010078011552857848
0.010337080704894966
0.010598869538222769
0.010863167434965066
0.011129744976075865
0.011398353135581858
0.011668722474695465
0.011940562339517277
0.012213560067545922
0.012487380206378317
0.012761663750701294
0.013036027402040868
0.013310062858415574
0.013583336139074162
0.013855386952178268
0.01412572811242945
0.014393845015801095
0.014659195181185549
0.01492120786600097
0.0151792837658009
0.015432794807073269
0.015681084042705483
0.01592346566042619
0.016159225114286364
0.01638761938865283
0.016607877406443802
0.016819200589386185
0.017020763582440066
0.017211715149730324
0.017391179251057657
0.01755825630815553
0.017712024666229526
0.017851542255994383
0.017975848463553393
0.018083966206442603
0.018174904219895427
0.01824765955139209
0.018301220257792364
0.018334568301566358
0.018346682634676054
0.018336542456704855
0.018303130635619377
0.018245437265859248
0.01816246334513609
0.018053224539294206
0.017916755005468486
0.01775211123702056
0.01755837588998736
