0.002209149767349051
0.002305015287360133
0.0024035717901090712
0.002504871645904174
0.0026089664273620922
0.0027159068191095165
0.002825742520423449
0.0029385221420489853
0.003054293094100115
0.0031731014666043604
0.0032949919001478366
0.003420007447224576
0.0035481894225276177
0.0036795772427391806
0.003814208253201769
0.003952117542564015
0.004093337744663304
0.0042378988255465135
0.004385827856529353
0.00453714877256979
0.004691882115153121
0.004850044760221304
0.005011649628840396
0.005176705384097353
0.00534521610935758
0.005517180973594643
0.005692593877625273
0.005871443086662964
0.006053710847270848
0.0062393729883037895
0.006428398508062266
0.006620749148073405
0.006816378952732649
0.007015233817186044
0.007217251024226717
0.007422358770769877
0.007630475686115419
0.007841510342061028
0.008055360758393002
0.008271913903484765
0.008491045194662275
0.008712617996827956
0.00893648312597397
0.009162478356215788
0.00939042793670354
0.009620142118481806
0.009851416697098207
0.010084032571823361
0.010317755328279304
0.01055233484618388
0.01078750493699044
0.011022983016696453
0.011258469817197235
0.011493649142379981
0.011728187673640974
0.011961734828605877
0.012193922681715671
0.012424365948213738
0.012652662041250566
0.012878391203734511
0.013101116724451259
0.013320385240358824
0.013535727134473244
0.013746657030647827
0.013952674394447829
0.014153264240922411
0.014347897957136365
0.014536034242837014
0.01471712016904828
0.014890592363826978
0.015055878321437116
0.015212397839464785
0.015359564583212065
0.015496787776832902
0.015623474017845565
0.015739029214303035
0.015842860637776544
0.015934379086891333
0.016013001153533008
0.016078151580733703
0.016129265704107915
0.016165791958490567
0.016187194439995393
0.016192955500349607
0.01618257835962462
0.01615558971089218
0.016111542297566065
0.016050017434311857
0.01597062744854467
0.01587301800971476
0.015756870320774132
0.015621903137472786
0.015467874586303132
0.01529458374676809
0.015101871971277964
0.014889623902440686
0.014657768168149657
0.014406277716079552
0.014135169764287098
