0.0074803680757634695
0.007585274198975347
0.007690027885213115
0.007794566851383888
0.007898828336073714
0.008002749114022574
0.008106265518173027
0.008209313465016244
0.00831182848607808
0.008413745761639798
0.008515000158301573
0.008615526269285932
0.008715258457828903
0.008814130900544672
0.008912077634329246
0.009009032603113538
0.00910492970609746
0.009199702846247446
0.009293285979027417
0.009385613161980567
0.00947661860290478
0.009566236709393317
0.009654402135823702
0.009741049832079825
0.009826115090151896
0.009909533590313185
0.009991241446742734
0.010071175252104096
0.01014927212136598
0.010225469734548982
0.010299706379342573
0.010371920991268565
0.010442053195116378
0.01051004334373341
0.010575832557162313
0.010639362760907118
0.010700576723142525
0.010759418091844943
0.010815831430798657
0.010869762256174444
0.010921157071459015
0.010969963403012992
0.011016129835050173
0.011059606044498772
0.01110034283521929
0.011138292173362348
0.01117340722103399
0.01120564237174612
0.011234953284629305
0.011261296919117812
0.011284631570457455
0.011304916904145456
0.011322113991707588
0.011336185345732995
0.01134709495633469
0.01135480832614612
0.011359292507215636
0.01136051613698935
0.01135844947453143
0.011353064437520736
0.01134433463844197
0.011332235421509955
0.011316743898942468
0.011297838987652742
0.011275501444755575
0.011249713904266831
0.011220460911481737
0.011187728958048461
0.011151506515936696
0.011111784070344003
0.011068554151420232
0.011021811364828481
0.01097155242088601
0.010917776162260128
0.010860483588704797
0.010799677880555799
0.010735364419741098
0.01066755080709966
0.010596246878219829
0.010521464714440147
0.010443218651508636
0.010361525283945069
0.010276403463944124
0.010187874299016448
0.01009596114054752
0.010000689571822806
0.009902087386275562
0.009800184563932696
0.009695013238938803
0.009586607663151066
0.009475004161685473
0.009360241082491689
0.00924235873942594
0.00912139934717422
0.008997406950625403
0.00887042734458181
0.00874050798811647
0.008607697910373446
0.00847204760915781
