0.9999034208440377
2.775839256301308e-06
2.0408755743914808e-06
1.7988411191453477e-06
1.681457295892205e-06
1.613713029839519e-06
1.5701652007007196e-06
1.5398143338248545e-06
1.5171737542278128e-06
1.4992328298889178e-06
1.4842214635699902e-06
1.4710427789356876e-06
1.4589893972278107e-06
1.4475907820039854e-06
1.4365260391879454e-06
1.4255734539474162e-06
1.4145789974256319e-06
1.403434623758523e-06
1.3920659139798343e-06
1.380422848542175e-06
1.3684730457185762e-06
1.356197825560275e-06
1.3435890160072812e-06
1.3306478304789155e-06
1.3173830720307794e-06
1.3038114450086618e-06
1.2899577863465393e-06
1.275855645183174e-06
1.261542799570696e-06
1.2470531364759598e-06
1.2324037006788752e-06
1.217585823111345e-06
1.2025732278417082e-06
1.1873384487393126e-06
1.1718671265226334e-06
1.1561608439347504e-06
1.1402378395031946e-06
1.1241284141812815e-06
1.1078740846903615e-06
1.0915225569039791e-06
1.0751202188597816e-06
1.0587089805541972e-06
1.0423211725823787e-06
1.0259817596219428e-06
1.0097100732979763e-06
9.935206424462534e-07
9.77425941912862e-07
9.614365157279929e-07
9.455620525074344e-07
9.298122942188037e-07
9.141973636964122e-07
8.987286153273542e-07
8.834218281724236e-07
8.682978026684192e-07
8.533880977185775e-07
8.387395617567781e-07
8.244206894130201e-07
8.105235717127445e-07
7.971541540799016e-07
7.844017343075748e-07
7.722990644678199e-07
7.60804915722075e-07
7.498275616348778e-07
7.392650094447058e-07
7.290308124156658e-07
7.190596621588102e-07
7.093021518366788e-07
6.997187552085537e-07
6.90277034905382e-07
6.809502927980588e-07
6.717202313737246e-07
6.625745512352083e-07
6.535049087881362e-07
6.44502887521555e-07
6.355587529633075e-07
6.26660983187987e-07
6.177966033211262e-07
6.089527156104466e-07
6.001154993632856e-07
5.912708331819437e-07
5.824051280094576e-07
5.735043205481302e-07
5.645549701415769e-07
5.555432352481775e-07
5.464554636906712e-07
5.372779591294005e-07
5.279973680130693e-07
5.185997753156296e-07
5.090719159274937e-07
4.994000646318227e-07
4.895709221925625e-07
4.795717392941827e-07
4.69390582615314e-07
4.5901839870570783e-07
4.4844930103315417e-07
4.376860092020504e-07
4.267421574766246e-07
4.1564948838206145e-07
4.0445884439995255e-07
