0.00023551948364954913
0.00025552695411456763
0.0002769495660418069
0.00029988100775850293
0.0003244206155793526
0.00035067369002313165
0.0003787518239698537
0.00040877324321217883
0.00044086315685306943
0.0004751541155672438
0.000511786377493503
0.0005509082790495225
0.0005926766094560979
0.00063725698530799
0.0006848242259854322
0.000735562725245821
0.0007896668156823642
0.0008473411284217948
0.0009088009382116775
0.0009742724966038197
0.0010439933472036597
0.0011182126177458477
0.0011971912890112136
0.0012812024306739992
0.0013705314031618968
0.0014654760165525864
0.001566346642215302
0.0016734662690248761
0.0017871704954907624
0.001907807452088
0.0020357376403983708
0.0021713336832533178
0.0023149799716219253
0.0024670721973757987
0.002628016760213013
0.002798230033913988
0.002978137477272468
0.003168172575544225
0.0033687755941443596
0.0035803921296172084
0.0038034714365347997
0.004038464514522095
0.0042858219342080265
0.004545991379979966
0.004819414893041439
0.00510652578873604
0.005407745228963958
0.0057234784286375835
0.006054110473188293
0.006400001729070717
0.00676148282581137
0.007138849192968488
0.007532355136135049
0.007942207439167237
0.008368558483379048
0.008811498878647404
0.009271049607270236
0.009747153686533533
0.010239667365510786
0.01074835087956006
0.011272858794618649
0.011812729989897382
0.012367377335397094
0.012936077141313814
0.013517958469299382
0.014111992415968113
0.014716981501645441
0.015331549312205008
0.015954130576576284
0.016582961871131743
0.017216073184113417
0.017851280580390556
0.018486180246497983
0.019118144203339
0.01974431800386233
0.02036162074228577
0.020966747717646346
0.021556176083865376
0.022126173842175748
0.022672812481234716
0.023191983579368636
0.023679419623785683
0.02413071925584946
0.02454137708724191
0.024906818130851147
0.0252224368023044
0.02548364029534597
0.025685896016561398
0.025824782560301983
0.02589604354990751
0.025895643444805126
0.02581982421945432
0.025665161604278813
0.025428619375422942
0.025107600020951394
0.02469998995017854
0.02420419735005604
0.02361918073958897
0.022944466331474896
