0.0001589906632560251
0.00017322235904474094
0.00018853298266180288
0.00020500032271333533
0.00022270742167555043
0.0002417429056195174
0.0002622013301719348
0.0002841835431068307
0.00030779706264230585
0.0003331564717019427
0.00036038382736401864
0.00038960908503344184
0.0004209705368027384
0.000454615263780644
0.0004906996003328618
0.0005293896101292514
0.0005708615724149247
0.0006153024779712874
0.0006629105311736492
0.000713895658463618
0.0007684800191310299
0.000826898517146584
0.0008893993094306783
0.0009562443089354057
0.0010277096769346862
0.001104086299791721
0.001185680246412678
0.0012728131994354471
0.0013658228516353573
0.0014650632643873698
0.0015709051746729825
0.0016837362451801226
0.0018039612438381018
0.0019320021442648426
0.0020682981310665323
0.002213305499069884
0.0023674974281861507
0.0025313636194935693
0.002705409772168389
0.002890156882840812
0.0030861403447523215
0.003293908823797325
0.0035140228869676763
0.003747053354259486
0.0039935793490364045
0.004254186012268698
0.004529461851778712
0.004819995691720752
0.005126373184438671
0.005449172852115572
0.005788961617429835
0.006146289784148058
0.006521685430153712
0.006915648171885472
0.007328642262259423
0.007761088983650532
0.008213358302072203
0.008685759748966666
0.00917853250333831
0.009691834653700344
0.010225731622813285
0.0107801837536398
0.011355033062659305
0.011949989179308163
0.012564614513125794
0.013198308705555857
0.013850292447159948
0.014519590770407997
0.015205015955529274
0.015905150224863128
0.016618328439034897
0.017342621045721988
0.01807581758697444
0.018815411110090094
0.019558583883804548
0.02030219487333702
0.021042769474802686
0.02177649206306222
0.022499201950036365
0.02320639338828316
0.02389322027815239
0.024554506246993006
0.02518476077066803
0.02577820195836195
0.026328786577126877
0.026830247781663444
0.027276140891317482
0.027659897367726068
0.027974886915895617
0.02821448736931077
0.028372161668815246
0.02844154090069507
0.028416511937184606
0.028291307800236375
0.028060598438597446
0.02771957918562013
0.027264053800471266
0.026690508668454453
0.025996174525426585
