9.263596834063748e-14
1.1987207559037427e-13
1.2905724666029128e-13
2.4382435632151755e-13
2.512703857916049e-13
3.955630853251513e-13
6.010076876276915e-13
8.502547624300583e-13
1.2085255214101809e-12
1.6939500475064706e-12
2.5013761136179202e-12
3.546662448320262e-12
5.074173286406802e-12
7.253040941283817e-12
1.0182881230932916e-11
1.4361154220031772e-11
2.046674315485733e-11
2.8856404814476058e-11
4.088099878150203e-11
5.7756931995302935e-11
8.162376175890711e-11
1.1520636113387765e-10
1.6247807729775042e-10
2.2934681711823772e-10
3.2327337006854244e-10
4.552712792806231e-10
6.408869814781681e-10
9.013350082845515e-10
1.2668460528926593e-09
1.7791854243684978e-09
2.4968838736774256e-09
3.5014617883735374e-09
4.906220967145457e-09
6.869235893536101e-09
9.609328139003866e-09
1.3431101118983359e-08
1.875621567025529e-08
2.6168917718167543e-08
3.647707864928851e-08
5.079740862423991e-08
7.06697939216515e-08
9.8216436821805e-08
1.3635852518545139e-07
1.891089648844459e-07
2.6197469119138114e-07
3.6250134306993085e-07
5.010105099230108e-07
6.915986626802038e-07
9.534857590452815e-07
1.3128303222971417e-06
1.8051692918474003e-06
2.4786884907159216e-06
3.3985925060098286e-06
4.652932205532014e-06
6.360349373047298e-06
8.680335125390632e-06
1.1826780494956227e-05
1.608580252526165e-05
2.183911235907848e-05
2.9594520599987464e-05
4.00255865033591e-05
5.402290569496947e-05
7.276011314276412e-05
9.77783494351204e-05
0.00013109368367828463
0.00017533281855977567
0.0002339032217790017
0.00031120462985079005
0.0004128894751049121
0.000546180061413056
0.0007202499637644377
0.0009466758294400051
0.001239962938329024
0.0016181429670436833
0.0021034344505370017
0.0027229444391095657
0.0035093725671105002
0.0045016547346937216
0.005745451532996895
0.007293345190131544
0.00920455770062681
0.011543942747359485
0.0143799382236526
0.01778110182989831
0.021810802767118064
0.02651963083462328
0.03193514664820216
0.0380487871363421
0.04480013191698507
0.0520594110933584
0.05961015033166534
0.06713515868426256
0.07421041427576935
0.08031230713333434
0.08484366877685538
0.08718287984774974
0.08675771265882185
0.08313918267847034
0.07613717005168708
