0.01007689217661516
0.010117333508782609
0.010158756271586696
0.010200943734914345
0.010243694020972052
0.010286818599961394
0.010330140994967311
0.010373495660378781
0.01041672701296679
0.010459688588013459
0.010502242308003949
0.010544257842967092
0.010585612053131424
0.01062618850039292
0.010665877018393518
0.010704573335837807
0.010742178742265839
0.010778599791568796
0.010813748039860347
0.010847539808710421
0.010879895974241145
0.01091074177529493
0.010940006640666522
0.010967624029317863
0.010993531284749013
0.011017669498950453
0.011039983386502444
0.011060421165385683
0.011078934444529436
0.011095478117125607
0.01111001025758012
0.011122492023552066
0.011132887559332103
0.01114116390365726
0.011147290898741747
0.011151241101363932
0.011152989695947111
0.011152514408446671
0.011149795422246861
0.011144815294722814
0.011137558875611984
0.011128013225555355
0.011116167536693878
0.01110201305382823
0.011085542997721926
0.011066752488127558
0.011045638470058036
0.011022199639912468
0.010996436374528516
0.010968350660825854
0.010937946027977792
0.010905227481187042
0.01087020143741703
0.010832875663230804
0.010793259214759057
0.010751362380227227
0.0107071966242594
0.010660774535231973
0.010612109774344985
0.010561217027594666
0.010508111960313449
0.010452811174017938
0.010395332165795149
0.01033569329003812
0.010273913723031316
0.010210013429496567
0.010144013131698677
0.010075934281017503
0.010005799031003381
0.0099336302134386
0.009859451315283553
0.00978328645883215
0.009705160381799917
0.009625098419832842
0.00954312649085625
0.009459271079447216
0.009373559223043995
0.009286018497906258
0.009196677006615108
0.00910556336582818
0.009012706692965637
0.008918136594365127
0.008821883151925223
0.008723976910135602
0.008624448861243555
0.00852333043063491
0.008420653460012004
0.008316450190527978
0.008210753242975747
0.008103595596578186
0.007995010566884347
0.007885031780849814
0.007773693149131034
0.007661028837645856
0.007547073235653334
0.007431860921297966
0.007315426625569133
0.007197805192735798
0.007079031537791548
