0.8383777521312966
0.006636224124619565
0.00472453618544716
0.004026999674614909
0.003643323866877875
0.0033906412066857477
0.003206751913060305
0.0030642835779693734
0.0029490940619959364
0.0028530190565002693
0.002770945011722854
0.002699464121677606
0.0026361929915649923
0.00257940005094283
0.0025277887542119763
0.0024803647386924537
0.0024363507672269884
0.0023951301571859475
0.002356207877333165
0.002319182992410028
0.0022837286251561157
0.0022495770343313364
0.0022165082720348164
0.0021843413932491774
0.0021529275353008087
0.0021221443883295663
0.002091891721173934
0.0020620877253962134
0.002032665997970598
0.0020035730353748006
0.001974766136696223
0.001946211643268045
0.0019178834543019576
0.0018897617703408903
0.0018618320296609357
0.0018340840054273976
0.0018065110389586321
0.0017791093892190802
0.001751877680669615
0.0017248164351700657
0.0016979276757068083
0.0016712145923777357
0.001644681260407085
0.0016183324032075796
0.0015921731952368767
0.0015662090972731685
0.0015404457192987322
0.0015148887103055564
0.0014895436653227477
0.0014644160533393482
0.0014395111577956178
0.0014148340320600554
0.0013903894639067562
0.0013661819501589168
0.0013422156793351993
0.0013184945201432793
0.001295022014974605
0.0012718013802700296
0.0012488355075904033
0.0012261269700462338
0.001203678030695615
0.0011814906526933216
0.001159566511351558
0.0011379070078432283
0.0011165132838362021
0.0010953862365452786
0.0010745265354027314
0.0010539346381207904
0.0010336108078110857
0.0010135551302172924
0.0009937675309296006
0.0009742477922786073
0.0009549955709754854
0.0009360104148376289
0.0009172917801310476
0.00089883904734266
0.0008806515372259077
0.0008627285268867165
0.000845069264010621
0.0008276729811323147
0.0008105389089446333
0.0007936662877807627
0.0007770543780650646
0.0007607024705152509
0.0007446098920474093
0.0007287760126497321
0.0007132002474335803
0.0006978820589323581
0.0006828209543220102
0.0006680164819409561
0.0006534682248671336
0.000639175790073246
0.0006251387981323508
0.000611356866740058
0.0005978295949430255
0.0005845565444223266
0.0005715372185834302
0.0005587710421561221
0.0005462573392750322
