0.0014395434960331904
0.0015171336069563417
0.0015977513939999918
0.001681487069283906
0.0017684313427963228
0.001858675406036396
0.001952310913388151
0.0020494299581287896
0.0021501250391567665
0.002254489014745417
0.002362615039992345
0.0024745964847777036
0.0025905268271971533
0.002710499520344726
0.0028346078287982066
0.002962944632128436
0.0030956021914120588
0.003232671879598908
0.0033742438702208345
0.003520406784969143
0.0036712472991334098
0.0038268497023872016
0.003987295415662986
0.004152662463914597
0.004323024902944547
0.004498452202501842
0.004679008584787195
0.004864752318693337
0.005055734971276582
0.005252000616018268
0.005453585000519257
0.005660514672234185
0.0058728060664191605
0.0060904645550460875
0.006313483460108651
0.006541843032707956
0.006775509399954397
0.007014433482979133
0.007258549887132405
0.00750777577117576
0.007762009696002962
0.008021130458917058
0.008284995918606979
0.008553441816024682
0.008826280597790268
0.009103300249786627
0.009384263146960049
0.00966890493070889
0.009956933421937441
0.010248027579614318
0.010541836517316485
0.010837978589877797
0.011136040561762525
0.011435576872753749
0.011736109013683743
0.0120371250283133
0.01233807915682005
0.01263839163616555
0.012937448674879172
0.013234602616967026
0.013529172311549233
0.013820443705144677
0.014107670668660786
0.014390076076332834
0.014666853147648283
0.014937167063233807
0.015200156867547221
0.01545493766138716
0.015700603094359944
0.01593622815856393
0.01616087228381942
0.016373582733317828
0.016573398297116636
0.016759353270245417
0.016930481712041267
0.017085821967648268
0.017224421437075053
0.01734534157172167
0.017447663074268926
0.017530491271241948
0.017592961632094166
0.017634245390752475
0.017653555231036934
0.017650150989260212
0.01762334531635994
0.017572509238922476
0.017497077556608242
0.017396553994875018
0.017270516036938084
0.017118619348732426
0.016940601701303272
0.016736286301535185
0.016505584430902043
0.016248497299453612
0.015965117020272604
0.01565562662002873
0.01532029900377748
0.01495949481196531
0.014573659110974439
