0.9999999999585503
5.777958190872833e-14
-6.287391270394884e-14
7.359626603753227e-14
6.922281512580851e-14
-3.2473232976787804e-14
-1.0526212266734856e-14
-1.3988054556888022e-14
7.924299175158484e-14
7.881403584412866e-14
-5.3906059795111186e-14
2.881884103948242e-14
-1.7242051902443926e-14
5.997388153320456e-14
-1.1946329071376577e-14
-5.17932153057659e-14
-7.074937559631636e-15
-1.9740746580801383e-15
-7.415343838100552e-14
-4.4572696499423775e-14
-2.758459015676437e-14
5.519545866368436e-14
4.4998693085520486e-14
4.017558245176904e-14
2.376029061001983e-14
5.633518553992828e-14
-2.8094253269259073e-15
-3.1854808504525045e-15
6.207775721418785e-14
-1.4577323181018398e-13
2.958283574702736e-14
-8.270050226230619e-15
8.770528791071652e-14
-7.458243007560372e-14
-1.326196097384269e-14
1.68271971877354e-14
1.194058686562055e-13
3.226927189001194e-14
3.751285306691221e-14
5.890134300440275e-14
-3.476998420084976e-14
-1.750710037010106e-14
6.911122065259012e-14
4.4861873547616393e-14
7.854136720338023e-14
6.135684408464792e-14
4.887458710314818e-14
-1.1820744578484865e-13
-5.324083188207318e-15
1.2201855194640676e-14
-5.551537961973052e-14
-1.0383377100839364e-14
-5.447600920707729e-15
3.1338863795693506e-16
-4.4085367951682275e-14
8.916456982477339e-14
4.771053344065912e-14
-5.832338193130504e-14
7.70567149584872e-14
-5.995976827023741e-14
7.933709028282165e-14
-6.010274743173394e-16
6.636537023055333e-15
-2.0812724373792113e-14
-8.946155990487148e-14
-1.5133234292433184e-13
3.385320994885033e-14
1.6694002950845555e-15
-7.04231323863519e-14
-8.049923303898171e-14
4.4683468080133903e-14
-8.384840131242521e-14
-5.4609894622852095e-14
4.6575970077261664e-14
5.773002518735804e-14
4.2597354680054544e-14
2.6104349259460646e-14
9.306645081322285e-14
-3.5149238120785187e-14
-2.2916578031918766e-14
1.1203074600819873e-14
-6.953294819263267e-14
-6.708285457072277e-14
3.140944535712231e-14
-3.4737376820512256e-14
4.3753453009102994e-14
7.014663372731378e-14
2.5965151253040664e-14
-8.539596438837671e-15
6.065419976171438e-15
6.486163602742456e-14
4.539147920382125e-16
3.37529890105312e-14
8.102307887114524e-14
-3.342076235982733e-14
6.103272184518338e-15
4.218008592144634e-14
-1.0909038971641805e-14
8.95562615765063e-14
