0.0012923480379112397
0.000861227608051798
0.0007879366244788726
0.0007825560450265112
0.0008039626931129111
0.0008400080779152799
0.0008858649548142008
0.0009393178760213774
0.0009992851302460296
0.0010652235127042071
0.0011368377762000542
0.0012139306894726302
0.0012963452311069807
0.0013839680454248503
0.0014767592064160355
0.0015747841160438656
0.001678241084611835
0.0017874835555700729
0.0019030262672244638
0.0020255134624871806
0.0021556380691720558
0.0022940404923944254
0.002441243533595861
0.002597652260833656
0.002763595654083904
0.002939370597546522
0.0031252682218821447
0.003321582886636617
0.003528610945047451
0.003746645178899855
0.003975967990667839
0.004216844552229329
0.004469516178746871
0.004734193882045852
0.005011052000097847
0.005300221890040339
0.005601785795478099
0.005915771135550739
0.006242145539629028
0.006580812909704995
0.006931610625305364
0.007294307748057062
0.007668603817778137
0.00805412770478978
0.0084504359992242
0.008857010617909717
0.009273255544353758
0.009698492860399529
0.010131958377912103
0.010572797279959321
0.011020060196733468
0.011472700155374983
0.011929570819404033
0.012389426390008718
0.012850923452927356
0.013312624880339725
0.01377300563856482
0.014230459986159114
0.014683309172871608
0.015129808455609038
0.015568152183362927
0.015996475957181247
0.016412855437550944
0.016815302097533912
0.0172017569526295
0.017570083861348514
0.017918064372685127
0.018243396323676157
0.018543698634001723
0.01881652512300232
0.019059390978498677
0.01926981695320657
0.01944539865704332
0.01958391095040281
0.019683458344637583
0.019742676030319026
0.01976096316125078
0.019738682877943618
0.019677209209524486
0.01957870403450386
0.019445631200448427
0.01928019017549866
0.01908389425179912
0.01885738558751535
0.01860043087871864
0.018311999834837406
0.017990376353206657
0.017633325388303537
0.0172383792274471
0.016803251843703782
0.016326236784008148
0.015806367801205357
0.015243300473839715
0.014637137879736145
0.013988473441875843
0.013298775401128815
0.012571062945885407
0.011810650428423962
0.011025538530962
