0.007600349837480123
0.007667248679827638
0.007733923627267393
0.0078003661950195105
0.007866567772457974
0.007932519623299633
0.007998212883768098
0.008063638561728145
0.008128787536313875
0.00819365055626089
0.008258218239609073
0.008322481072692445
0.008386429408755242
0.008450053467698122
0.008513343334773864
0.008576288959666339
0.00863888015609304
0.008701106600114642
0.008762957830035122
0.008824423245186815
0.008885492105005992
0.008946153528371137
0.009006396492646094
0.009066209832838151
0.009125582240948999
0.009184502264844005
0.009242958307977778
0.009300938627804178
0.00935843133581268
0.009415424396371476
0.009471905625887605
0.009527862692233715
0.00958328311428905
0.009638154260472239
0.00969246334893539
0.009746197446161425
0.009799343466701544
0.009851888172579547
0.009903818172264642
0.00995511992061737
0.010005779717710451
0.010055783708673154
0.010105117883120237
0.010153768074442389
0.01020171995934029
0.010248959057489624
0.010295470730749632
0.010341240183157168
0.010386252460307539
0.010430492448710344
0.010473944876013521
0.010516594310180408
0.010558425159107883
0.010599421670891779
0.01063956793300103
0.010678847872464571
0.010717245255425483
0.010754743686928808
0.010791326611171992
0.010826977310900689
0.010861678907748645
0.010895414361943256
0.010928166472417615
0.010959917876815252
0.010990651051590873
0.011020348312092306
0.011048991812740237
0.01107656354705501
0.011103045348284166
0.011128418888963373
0.011152665681920039
0.011175767080284005
0.011197704277937844
0.011218458309746332
0.011238010052468017
0.0112563402245754
0.011273429387696944
0.01128925794660858
0.011303806149640681
0.011317054090455055
0.011328981707486308
0.011339568785526175
0.011348794956460833
0.011356639699960354
0.011363082344396347
0.011368102068293142
0.011371677900720762
0.01137378872250824
0.011374413268128793
0.011373530125711611
0.011371117739207265
0.011367154409234347
0.011361618294656773
0.011354487413735057
0.01134573964589549
0.011335352732851807
0.011323304280629713
0.011309571760671024
0.01129413251201252
