0.9999999958581776
1.2563605727937258e-10
9.269615198988007e-11
8.142810848732143e-11
7.603392923748891e-11
7.290906004880351e-11
7.083476998522346e-11
6.927704242242535e-11
6.797784619988402e-11
6.707313024624127e-11
6.627174652354038e-11
6.549542017333042e-11
6.486131746574464e-11
6.412059979131408e-11
6.345408426452944e-11
6.288107142492542e-11
6.2144466300224e-11
6.16546595492252e-11
6.091812322053976e-11
6.016880449213609e-11
5.961025814094371e-11
5.894197454299596e-11
5.831506911269124e-11
5.7534976383047474e-11
5.6784733135969566e-11
5.6057244072072864e-11
5.533304740237225e-11
5.457741722480255e-11
5.397394962474702e-11
5.3207541569563494e-11
5.2431976153095774e-11
5.163990592018004e-11
5.092437033854796e-11
5.025561878539003e-11
4.9479379279774097e-11
4.871152077892422e-11
4.7979241727617167e-11
4.731606343441174e-11
4.6621362715206557e-11
4.5955791208335695e-11
4.5193066973978676e-11
4.448052057161745e-11
4.380751406025734e-11
4.302573090018448e-11
4.23445039476238e-11
4.1606233622216646e-11
4.093399080931431e-11
4.032434900314713e-11
3.956722904370101e-11
3.90623118703623e-11
3.833773419168948e-11
3.767215558329439e-11
3.70652481011249e-11
3.63457420356119e-11
3.566928737509627e-11
3.496101493835656e-11
3.440930763113021e-11
3.375828856364525e-11
3.325042744937133e-11
3.259615702897768e-11
3.193691147586504e-11
3.1363664568023406e-11
3.074298657985107e-11
3.025651409103991e-11
2.958958777868684e-11
2.890680202800519e-11
2.858126826573229e-11
2.80107917654919e-11
2.734673679996233e-11
2.6817385063906268e-11
2.628719941374924e-11
2.5910263950045388e-11
2.5473888874227944e-11
2.4986765603227145e-11
2.4592777426589614e-11
2.42281094241703e-11
2.3833589768239684e-11
2.350908445304255e-11
2.310249463182367e-11
2.270513725966569e-11
2.2337497982557954e-11
2.192463636347937e-11
2.156143136144875e-11
2.1132580897524283e-11
2.0677775112799403e-11
2.0386176979957495e-11
2.009173133346988e-11
1.9644723976531913e-11
1.9354758281373095e-11
1.8778441434751277e-11
1.8551569250246664e-11
1.8074499958786044e-11
1.786889234329874e-11
1.7477177501447685e-11
1.7096300630809933e-11
1.6637166469184585e-11
1.6281236107977505e-11
1.5824513020554318e-11
1.541864692969656e-11
