0.9999886441767798
3.71626942648267e-07
2.7089894833083097e-07
2.3688249682005647e-07
2.1984493841557232e-07
2.0964108134734102e-07
2.0280895137651965e-07
1.978373742331118e-07
1.9396443738497904e-07
1.9077000624137493e-07
1.8800614309442097e-07
1.8551971341640817e-07
1.832125937361331e-07
1.8102008276235956e-07
1.7889857686826554e-07
1.768191701369267e-07
1.7476164236516605e-07
1.7271357000132978e-07
1.7066662565888265e-07
1.6861612941345533e-07
1.665597484172657e-07
1.6449612896865778e-07
1.624251563217316e-07
1.6034719584817408e-07
1.5826229052157159e-07
1.5617166246839587e-07
1.5407599359693925e-07
1.519763433646958e-07
1.498740047532022e-07
1.4777023625986093e-07
1.456666818266261e-07
1.4356443341193058e-07
1.414651320715823e-07
1.3937067567292905e-07
1.372825529596559e-07
1.3520304585191263e-07
1.3313386966948e-07
1.3107715138665457e-07
1.2903503173385968e-07
1.2700921042462605e-07
1.2500053291997042e-07
1.2300887903591933e-07
1.2103341809321098e-07
1.1907306375271039e-07
1.171269985811383e-07
1.1519502650937484e-07
1.132768744970813e-07
1.1137268399541651e-07
1.0948346902590357e-07
1.0760919130074797e-07
1.0575067538425291e-07
1.0390833941156298e-07
1.0208270597533524e-07
1.002741929827201e-07
9.848306769147754e-08
9.670961774297824e-08
9.495369319479936e-08
9.321562786758562e-08
9.149492235144318e-08
8.979193489886219e-08
8.810686133816801e-08
8.644034582295504e-08
8.479278574012638e-08
8.316485818667813e-08
8.155703309480891e-08
7.996997085786247e-08
7.840350554395468e-08
7.685809592298913e-08
7.533383772703609e-08
7.383093744608559e-08
7.234952849538914e-08
7.089007645765151e-08
6.945353923462649e-08
6.804016824770213e-08
6.665180161342433e-08
6.528998112019144e-08
6.395754185851e-08
6.265708228886217e-08
6.13913431416472e-08
6.016228229253982e-08
5.8969463021930175e-08
5.7810346518623607e-08
5.6680800874202845e-08
5.557610069367516e-08
5.449202274611335e-08
5.3424609338386276e-08
5.237132788833976e-08
5.132936736257516e-08
5.02971242268959e-08
4.927278486812794e-08
4.825506240354721e-08
4.7242233572744136e-08
4.6233747895302176e-08
4.522827691654352e-08
4.42252374919147e-08
4.322475188370732e-08
4.2227200931070245e-08
4.1234072541951645e-08
4.0247230332377704e-08
