3.1161967317650495e-08
3.854287695498034e-08
4.814516590658175e-08
6.047448697593747e-08
7.61897096422594e-08
9.612636942305745e-08
1.2132647373976025e-07
1.530791373479572e-07
1.9299264590345042e-07
2.430978874901372e-07
3.059656305027278e-07
3.848247162601022e-07
4.836846197291958e-07
6.074966578275653e-07
7.623649893744619e-07
9.558148207744585e-07
1.1971129929011504e-06
1.4976527638642725e-06
1.8714131322176953e-06
2.335513510178292e-06
2.9108749999925574e-06
3.6230175288621126e-06
4.503007164822278e-06
5.588588981692737e-06
6.925530972173367e-06
8.56921457487739e-06
1.0586509519221936e-05
1.305798131308062e-05
1.6080475244467174e-05
1.9770137639567884e-05
2.426592818717153e-05
2.9733694130846167e-05
3.637087535753139e-05
4.441191511195779e-05
5.413445378568232e-05
6.586638702229294e-05
7.999387058360325e-05
9.697034466465623e-05
0.00011732665581653504
0.00014168233485690123
0.00017075807887359583
0.00020538946422893702
0.0002465418865217842
0.00029532669108686823
0.00035301840084170133
0.0004210729026596773
0.0005011463711193202
0.0005951146281413679
0.000705092540984957
0.0008334529331725129
0.0009828443717161915
0.0011562070254726932
0.0013567856491446323
0.001588138566558145
0.0018541413450891377
0.002158983681143072
0.0025071578289756844
0.0029034367461115694
0.003352839984287182
0.0038605852529070487
0.004432023530077161
0.005072555632905708
0.005787528262345101
0.006582107793185312
0.0074611304393438
0.008428927947064055
0.009489128634429427
0.010644434429746217
0.011896375570738457
0.013245045889767288
0.014688823232920324
0.016224081671397522
0.017844904887365218
0.01954281327798011
0.021306520457558265
0.0231217366904704
0.024971035786881177
0.026833796794899646
0.02868622308683329
0.030501433946881422
0.032249626516785854
0.033898329634836806
0.03541282180574208
0.03675686068091609
0.037893955404477694
0.038789461328232404
0.03941365963009834
0.039745425116570074
0.03977488151711104
0.03950243465087723
0.03893300923425712
0.03806827842667474
0.03690170479745711
0.03541941151086486
0.033607252549191835
0.03146150794391113
0.02899823600633629
0.0262587656156743
0.02331188054070208
