0.001155547400225038
0.0012120661027552417
0.0012707185874278057
0.0013315778901905526
0.0013947190522205746
0.0014602191397947812
0.001528157262458289
0.001598614588029604
0.0016716743531312074
0.0017474218707887303
0.0018259445341070996
0.001907331814505752
0.0019916752557146925
0.002079068462026653
0.0021696070797362133
0.0022633887740614077
0.0023605131959590084
0.0024610819439804987
0.0025651985165532796
0.0026729682538415996
0.0027844982728135945
0.002899897387844917
0.003019276023409967
0.003142746111420688
0.0032704209772113804
0.003402415209665241
0.0035388445172222244
0.0036798255656895974
0.003825475800048397
0.003975913245396643
0.004131256288622176
0.004291623438390246
0.0044571330602998374
0.004627903088858408
0.004804050711553506
0.00498569202595404
0.005172941664843818
0.0053659123908812445
0.005564714656429273
0.005769456127165339
0.005980241167462557
0.006197170284361354
0.006420339529448618
0.006649839854504963
0.006885756418097819
0.007128167842511404
0.007377145416174759
0.00763275223898116
0.007895042308313293
0.008164059542299432
0.008439836736753265
0.008722394452977074
0.009011739832754658
0.009307865337612698
0.009610747408519202
0.009920345043078892
0.01023659828540251
0.010559426627726446
0.010888727317343225
0.011224373568158582
0.011566212671461653
0.011914064004542787
0.012267716932482936
0.01262692860202671
0.012991421623958143
0.01336088164108208
0.013734954782254016
0.01411324499882516
0.014495311282826604
0.014880664768540927
0.015268765714724597
0.015659020370536812
0.01605077772727415
0.01644332615703173
0.016835889943974475
0.01722762571126404
0.017617618752630435
0.018004879273203333
0.01838833855205841
0.018766845034037506
0.0191391603667246
0.01950395539413414
0.019859806127715787
0.02020518970720121
0.020538480380703432
0.02085794551938995
0.021161741698197813
0.021447910868868113
0.02171437665496445
0.021958940805415154
0.02217927984080209
0.022372941929464957
0.022537344036103333
0.02266976938694516
0.0227673652907869
0.0228271413675479
0.022845968229720313
0.022820576659154802
0.022747557338927638
