0.0048438983845542835
0.0048004619689977586
0.004811049451340638
0.004857896370634777
0.004930731803483757
0.005023036040229802
0.005130354292670632
0.005249463427734221
0.00537792914091462
0.005513855363498971
0.00565573380219626
0.00580234818630879
0.0059527098563057
0.006106012299249856
0.006261597905012932
0.006418933158467922
0.006577590014948021
0.006737231947055495
0.006897603491964704
0.00705852225907463
0.007219872419106874
0.007381598745089247
0.007543700381545624
0.007706223657689683
0.007869253491231916
0.00803290320416402
0.008197302888746243
0.008362586792554322
0.008528880463698318
0.008696288562339198
0.00886488425684011
0.009034700960576158
0.009205726862149991
0.00937790232500805
0.009551119877185137
0.009725226244837753
0.00990002575405744
0.010075284438335627
0.01025073429097535
0.010426077265333743
0.010600988790853538
0.010775120713817164
0.01094810367279343
0.011119548985453049
0.011289050153282142
0.01145618410301768
0.011620512280980008
0.011781581707844704
0.011938926092452697
0.012092067096169841
0.01224051582951283
0.012383774660463321
0.012521339411713139
0.012652702015081351
0.012777353691881412
0.01289478871264464
0.013004508773205463
0.013106028001453352
0.013198878557685877
0.013282616744651823
0.013356829457337802
0.013421140713769233
0.0134752179013584
0.013518777273190114
0.013551588148419605
0.013573475251274345
0.013584318670737502
0.013584051081920165
0.013572652118554036
0.013550140099569584
0.013516561645848059
0.013471979989469111
0.013416462934231417
0.013350071435858788
0.01327284965014942
0.013184817084027278
0.01308596324133494
0.01297624493175392
0.01285558622770359
0.012723880929647886
0.012580997305977518
0.012426784798197421
0.012261082334066135
0.012083727830804166
0.011894568481509018
0.01169347146135963
0.011480334823635804
0.011255098515562362
0.011017755623221541
0.010768364044678621
0.010507058753064583
0.010234064621028832
0.009949709409227165
0.009654436069410209
0.009348813018709948
0.009033540681720107
0.008709452439939022
0.008377508350160844
0.008038780610350522
