0.9998552936433812
4.5431290573403755e-06
3.3200172453714512e-06
2.909740204249785e-06
2.7062131279575118e-06
2.585842972051727e-06
2.506455453621062e-06
2.4496376521922206e-06
2.4061119679559424e-06
2.3707496244447304e-06
2.3405249072814162e-06
2.313565057700452e-06
2.2886666993717833e-06
2.265034412017289e-06
2.2421308408750013e-06
2.21958715241144e-06
2.1971486854044083e-06
2.174638945746382e-06
2.151936847094389e-06
2.1289612357245354e-06
2.105659549204112e-06
2.0820018513050367e-06
2.0579747914025416e-06
2.0335781046537456e-06
2.0088242769252917e-06
1.983735273005741e-06
1.9583446736261447e-06
1.9326957943433058e-06
1.9068417174026444e-06
1.8808420257929314e-06
1.8547597870599678e-06
1.828657243419089e-06
1.8025924728905663e-06
1.7766160149287758e-06
1.7507659339566282e-06
1.725063010817153e-06
1.69950858591941e-06
1.6740906469406216e-06
1.6487921939926982e-06
1.6236004946607656e-06
1.5985089305018882e-06
1.573519170801517e-06
1.5486374454241832e-06
1.523873325225097e-06
1.4992389240709442e-06
1.4747459382375225e-06
1.4504066537190209e-06
1.4262328665849792e-06
1.4022354088167392e-06
1.3784246117388014e-06
1.3548095154706962e-06
1.331398843379473e-06
1.3082003458130545e-06
1.2852211141695075e-06
1.2624675492153836e-06
1.239945611620683e-06
1.2176602849772733e-06
1.195616728010652e-06
1.1738196478241244e-06
1.1522742718727966e-06
1.1309857094706551e-06
1.1099619722558464e-06
1.0892143466723178e-06
1.0687618343145568e-06
1.0486353734330328e-06
1.028882019591293e-06
1.0095654807216591e-06
9.907618547559064e-07
9.725455387901575e-07
9.549693274869613e-07
9.380449015799146e-07
9.217363288384987e-07
9.05973427556062e-07
8.906725849864712e-07
8.757555772245428e-07
8.611576038283143e-07
8.468273695219558e-07
8.32724061848935e-07
8.188152091088472e-07
8.050723466841548e-07
7.914705003174308e-07
7.779868247218598e-07
7.645993453101783e-07
7.512872041664956e-07
7.380305336904852e-07
7.248092357932412e-07
7.116043472198668e-07
6.983968521107224e-07
6.851689159087239e-07
6.719024518462799e-07
6.585808201931915e-07
6.451886858634049e-07
6.317129198534172e-07
6.181438147711376e-07
6.044766768537448e-07
5.907156017168248e-07
5.76875030659376e-07
5.629832344906916e-07
5.49082112188128e-07
